294644 0
30622 1
226368 2
27549 3
273313 4
210406 5
262723 6
257673 7
294616 8
68177 9
269629 10
253927 11
257266 12
31329 13
296549 14
294268 15
310027 16
262650 17
296148 18
266143 19
192025 20
256105 21
228143 22
125625 23
265248 24
257815 25
10126 26
265249 27
257170 28
265890 29
267894 30
256843 31
257753 32
193316 33
31292 34
204469 35
31026 36
265294 37
265086 38
272489 39
257986 40
53378 41
252134 42
266175 43
247192 44
291643 45
265549 46
265250 47
264984 48
257789 49
256444 50
241469 51
241471 52
23487 53
238887 54
253352 55
245097 56
23511 57
22977 58
23408 59
9382 60
17920 61
19920 62
241470 63
241472 64
23484 65
206321 66
206322 67
206318 68
241473 69
23512 70
19903 71
23407 72
240956 73
23183 74
302609 75
31075 76
294334 77
260677 78
10205 79
272516 80
264836 81
310388 82
195030 83
195031 84
307455 85
68190 86
226246 87
68191 88
194864 89
255161 90
229861 91
295969 92
131827 93
131895 94
131894 95
131893 96
295972 97
290441 98
294605 99
297297 100
296643 101
296587 102
306256 103
274482 104
290128 105
292280 106
55856 107
221172 108
57416 109
269845 110
65045 111
269436 112
99756 113
12015 114
99741 115
99775 116
296651 117
255187 118
309908 119
263173 120
131689 121
10308 122
5752 123
159465 124
294348 125
294655 126
255151 127
295678 128
122 129
257518 130
238894 131
122986 132
9914 133
5791 134
210493 135
208664 136
141 137
194639 138
250469 139
234902 140
42920 141
233058 142
272691 143
291331 144
195765 145
16623 146
26698 147
11364 148
16631 149
16954 150
17050 151
26645 152
261421 153
203795 154
255636 155
13473 156
8902 157
11046 158
241431 159
264840 160
270293 161
155 162
259418 163
209342 164
163 165
309378 166
11726 167
254331 168
171 169
132838 170
21600 171
132874 172
5885 173
191 174
272230 175
18798 176
4420 177
65284 178
132795 179
30422 180
30420 181
156084 182
156088 183
156087 184
147114 185
156089 186
147115 187
156085 188
156086 189
290842 190
189 191
176 192
132796 193
188 194
132888 195
132879 196
187880 197
303197 198
238784 199
226988 200
238785 201
126090 202
308121 203
259376 204
204980 205
220 206
291092 207
7624 208
219656 209
146966 210
203747 211
203728 212
203733 213
203730 214
226 215
203724 216
146968 217
227 218
203729 219
203726 220
203723 221
146967 222
203725 223
291228 224
265431 225
291227 226
266313 227
291226 228
203752 229
266303 230
256713 231
266379 232
266258 233
291220 234
266257 235
122910 236
291223 237
291222 238
17610 239
266111 240
266112 241
253306 242
234 243
291237 244
291236 245
291238 246
248267 247
203748 248
203750 249
18841 250
146964 251
266154 252
146963 253
291239 254
146965 255
266634 256
266177 257
266178 258
246053 259
266714 260
266713 261
250497 262
226989 263
291265 264
240988 265
205849 266
269718 267
10225 268
25162 269
109578 270
255163 271
10207 272
289719 273
122907 274
122908 275
122909 276
291274 277
291273 278
291275 279
203751 280
122902 281
122920 282
122919 283
135301 284
203518 285
272329 286
6642 287
240060 288
272246 289
272236 290
272256 291
272257 292
122816 293
271018 294
122817 295
268272 296
291276 297
146969 298
291266 299
291279 300
291280 301
185497 302
122918 303
240058 304
122823 305
122827 306
10359 307
122822 308
122818 309
291207 310
122826 311
122821 312
122824 313
122825 314
122819 315
249037 316
269001 317
158462 318
263632 319
190241 320
122760 321
122759 322
194569 323
122761 324
122768 325
268802 326
212156 327
122763 328
122764 329
122762 330
240068 331
264895 332
265681 333
250669 334
219 335
269674 336
250642 337
265729 338
122903 339
268163 340
302668 341
157979 342
192498 343
109665 344
12567 345
122899 346
122897 347
212254 348
122906 349
187867 350
19282 351
273231 352
273153 353
122912 354
231 355
250667 356
123576 357
255158 358
289838 359
108028 360
27731 361
122904 362
268142 363
268145 364
246986 365
268171 366
122766 367
7797 368
291906 369
250685 370
250777 371
289692 372
4301 373
109677 374
109676 375
108674 376
203551 377
203552 378
16928 379
43112 380
46517 381
43015 382
42372 383
46732 384
46733 385
42975 386
46787 387
42955 388
42318 389
43001 390
42588 391
42317 392
42260 393
4593 394
249479 395
43682 396
217512 397
41806 398
244133 399
41886 400
41890 401
238691 402
42896 403
238849 404
238850 405
43022 406
41902 407
42800 408
123153 409
46369 410
42554 411
42556 412
42348 413
42466 414
145646 415
47817 416
41935 417
42277 418
42283 419
42280 420
42510 421
146760 422
230790 423
54396 424
54402 425
49625 426
242 427
49689 428
56834 429
56043 430
14957 431
55966 432
5610 433
56900 434
56907 435
57074 436
57328 437
57317 438
57318 439
252476 440
44983 441
45012 442
45016 443
222336 444
261770 445
45029 446
50784 447
61890 448
294698 449
50781 450
241733 451
50787 452
16004 453
195665 454
50780 455
187720 456
157300 457
51428 458
222772 459
45221 460
61889 461
45214 462
210402 463
210403 464
23056 465
20464 466
59059 467
6239 468
57809 469
186623 470
186624 471
235819 472
6406 473
145241 474
145242 475
123479 476
107857 477
58139 478
58084 479
58924 480
253940 481
58746 482
57610 483
57985 484
307111 485
66915 486
238636 487
58733 488
147040 489
229921 490
46491 491
20172 492
58067 493
58436 494
215107 495
57569 496
57119 497
58122 498
58175 499
123375 500
123374 501
217991 502
157969 503
57172 504
300170 505
291549 506
58678 507
61662 508
220714 509
57535 510
213708 511
209313 512
245297 513
57577 514
189241 515
57915 516
57449 517
12408 518
258449 519
258454 520
126179 521
20446 522
19914 523
18881 524
262755 525
266551 526
262501 527
294322 528
260630 529
105717 530
29191 531
234449 532
122928 533
12420 534
306 535
7959 536
294760 537
146861 538
21111 539
270996 540
36063 541
4603 542
132149 543
146673 544
157112 545
334 546
146863 547
339 548
135013 549
353 550
328 551
219686 552
246243 553
109 554
24879 555
13646 556
268203 557
294772 558
190656 559
190663 560
18379 561
21623 562
21626 563
190658 564
28923 565
191822 566
221180 567
68826 568
261130 569
238030 570
310598 571
31286 572
27735 573
271724 574
194091 575
270672 576
204388 577
289598 578
271437 579
43567 580
271594 581
214139 582
271240 583
54893 584
42819 585
159621 586
290215 587
30595 588
210137 589
271349 590
271461 591
190718 592
190717 593
145884 594
272490 595
21632 596
145883 597
145877 598
190645 599
210235 600
271463 601
271656 602
271465 603
272517 604
266170 605
271450 606
271555 607
2827 608
271232 609
271276 610
271323 611
203209 612
271339 613
18804 614
5614 615
18959 616
25070 617
25065 618
25128 619
25120 620
16033 621
205797 622
191792 623
25121 624
258866 625
455 626
39829 627
260442 628
262771 629
291272 630
305433 631
294231 632
256702 633
210801 634
29646 635
269220 636
270974 637
485 638
290429 639
17192 640
301412 641
9671 642
489 643
208228 644
11356 645
61476 646
295940 647
31162 648
486 649
13089 650
8859 651
253230 652
5557 653
10825 654
243398 655
15784 656
243399 657
227772 658
195419 659
205367 660
8704 661
310229 662
212071 663
212076 664
15219 665
8701 666
506 667
212067 668
212068 669
18762 670
243393 671
243392 672
194138 673
194137 674
228279 675
15934 676
54007 677
206082 678
25759 679
242291 680
271800 681
25258 682
242270 683
243863 684
264834 685
14853 686
248882 687
26201 688
233489 689
17071 690
243738 691
243696 692
22961 693
31135 694
253645 695
230086 696
18925 697
211456 698
516 699
8020 700
243732 701
10720 702
513 703
7275 704
253254 705
30640 706
45752 707
17369 708
244449 709
302647 710
224243 711
25303 712
213673 713
213672 714
194932 715
254458 716
294607 717
19861 718
259836 719
13091 720
9799 721
244124 722
4381 723
209531 724
8463 725
255064 726
15963 727
46485 728
191405 729
191416 730
15806 731
25236 732
13225 733
264935 734
264217 735
254290 736
237076 737
257818 738
13125 739
13226 740
44424 741
222639 742
241926 743
9935 744
241599 745
243963 746
8743 747
203265 748
14872 749
16629 750
244428 751
23492 752
244427 753
309693 754
244433 755
10383 756
9762 757
10382 758
10549 759
205115 760
244426 761
559 762
239255 763
26644 764
10856 765
11127 766
11302 767
122811 768
244414 769
203266 770
230772 771
230771 772
11144 773
244436 774
11742 775
14297 776
14929 777
195164 778
135257 779
307089 780
203207 781
17285 782
292616 783
272400 784
222788 785
10865 786
26082 787
244431 788
8182 789
194915 790
10328 791
210332 792
11253 793
15970 794
16722 795
244432 796
253287 797
26278 798
16338 799
194567 800
213142 801
248594 802
8049 803
11055 804
244430 805
244437 806
26457 807
195798 808
309692 809
26933 810
27164 811
26366 812
122807 813
263084 814
310578 815
261686 816
212331 817
21644 818
309501 819
13093 820
43996 821
68171 822
28976 823
195174 824
261684 825
16982 826
303013 827
242249 828
256726 829
310577 830
504 831
122940 832
214142 833
10881 834
27969 835
13090 836
8348 837
8978 838
263207 839
8250 840
10108 841
4616 842
260444 843
213293 844
10294 845
10296 846
5582 847
10522 848
10813 849
11217 850
9965 851
213764 852
22960 853
244204 854
270983 855
236055 856
233975 857
273116 858
214400 859
214353 860
194263 861
269081 862
243842 863
5715 864
19097 865
10234 866
213765 867
273637 868
8196 869
23012 870
25167 871
25380 872
25409 873
536 874
231206 875
269054 876
5581 877
299211 878
262786 879
244235 880
244233 881
213587 882
9964 883
213586 884
255119 885
231081 886
244228 887
244226 888
244227 889
244229 890
8805 891
131382 892
5830 893
14999 894
16335 895
244193 896
19888 897
262783 898
213358 899
255121 900
244188 901
10204 902
244190 903
23120 904
25341 905
244220 906
213653 907
9558 908
260345 909
10397 910
11687 911
213654 912
255858 913
15124 914
25150 915
25324 916
26646 917
534 918
8344 919
257045 920
204132 921
204133 922
204134 923
15667 924
46201 925
9843 926
256976 927
256997 928
195140 929
10056 930
195148 931
257070 932
195155 933
22946 934
205483 935
244583 936
256809 937
233725 938
19744 939
307102 940
13092 941
14937 942
618 943
507 944
13993 945
17076 946
145312 947
106225 948
8621 949
8590 950
207976 951
145318 952
145316 953
8604 954
127353 955
157633 956
242246 957
68836 958
244593 959
605 960
581 961
244369 962
195494 963
179457 964
194562 965
599 966
10824 967
31367 968
63262 969
597 970
107067 971
308548 972
194376 973
272362 974
194379 975
256758 976
241433 977
264980 978
244468 979
205368 980
194957 981
65449 982
246977 983
10092 984
73007 985
29652 986
243822 987
241806 988
29653 989
305846 990
247387 991
19443 992
621 993
271207 994
16979 995
308116 996
625 997
294676 998
205733 999
257646 1000
19960 1001
26937 1002
272982 1003
41743 1004
629 1005
31218 1006
250348 1007
9386 1008
211927 1009
221393 1010
249260 1011
105721 1012
27778 1013
295956 1014
29997 1015
207489 1016
676 1017
30673 1018
188246 1019
207304 1020
207306 1021
195872 1022
195873 1023
195721 1024
195875 1025
204756 1026
190910 1027
195874 1028
210667 1029
210657 1030
694 1031
145314 1032
157766 1033
135098 1034
225157 1035
262216 1036
144739 1037
134940 1038
52166 1039
228491 1040
243875 1041
144985 1042
234659 1043
157910 1044
66904 1045
204356 1046
187424 1047
157684 1048
192788 1049
192786 1050
310174 1051
11478 1052
262838 1053
271698 1054
226156 1055
255024 1056
255028 1057
255027 1058
255030 1059
255010 1060
255009 1061
157790 1062
242742 1063
240017 1064
156987 1065
5593 1066
192049 1067
134967 1068
156803 1069
231453 1070
229310 1071
17046 1072
64676 1073
144475 1074
21132 1075
725 1076
144458 1077
5452 1078
144522 1079
144438 1080
228615 1081
144450 1082
187691 1083
242768 1084
157083 1085
156529 1086
156831 1087
21701 1088
262971 1089
5562 1090
735 1091
6469 1092
49173 1093
266668 1094
143785 1095
156877 1096
144066 1097
232945 1098
224602 1099
143886 1100
64525 1101
232950 1102
232948 1103
232952 1104
232947 1105
143884 1106
232939 1107
721 1108
143927 1109
263615 1110
722 1111
262345 1112
69391 1113
30679 1114
13215 1115
293141 1116
69701 1117
143881 1118
187212 1119
157473 1120
157472 1121
157475 1122
229687 1123
217062 1124
225241 1125
228389 1126
143633 1127
234066 1128
143648 1129
205285 1130
234067 1131
143624 1132
143630 1133
143685 1134
143337 1135
64198 1136
144713 1137
192016 1138
260008 1139
135302 1140
260009 1141
144711 1142
256240 1143
134939 1144
244144 1145
156643 1146
232517 1147
48983 1148
156631 1149
231731 1150
254436 1151
135028 1152
134942 1153
262861 1154
64180 1155
185565 1156
187029 1157
232518 1158
156132 1159
156131 1160
156128 1161
142700 1162
147154 1163
229210 1164
232912 1165
232909 1166
232910 1167
232911 1168
185552 1169
185553 1170
185551 1171
123478 1172
147160 1173
240130 1174
242505 1175
21221 1176
243253 1177
147060 1178
147048 1179
233147 1180
192136 1181
134976 1182
228983 1183
147179 1184
21217 1185
147176 1186
147067 1187
147161 1188
233148 1189
134883 1190
229062 1191
733 1192
155941 1193
142185 1194
272031 1195
305074 1196
230360 1197
216803 1198
243093 1199
185765 1200
185767 1201
144087 1202
225262 1203
225261 1204
144083 1205
185762 1206
185761 1207
144070 1208
255487 1209
144071 1210
144051 1211
144072 1212
144081 1213
144069 1214
144082 1215
144073 1216
232268 1217
144665 1218
144651 1219
225259 1220
231444 1221
225260 1222
143975 1223
135206 1224
230718 1225
232342 1226
254211 1227
135330 1228
229284 1229
231454 1230
134598 1231
155526 1232
255710 1233
134599 1234
134601 1235
239986 1236
154562 1237
226096 1238
155734 1239
134618 1240
155686 1241
187463 1242
239982 1243
155678 1244
232894 1245
256235 1246
269031 1247
263302 1248
231452 1249
256231 1250
256230 1251
271120 1252
246312 1253
293056 1254
266596 1255
213058 1256
263425 1257
203393 1258
208405 1259
310616 1260
269828 1261
310625 1262
19927 1263
18790 1264
755 1265
18510 1266
218123 1267
1786 1268
217967 1269
771 1270
267423 1271
794 1272
255346 1273
105545 1274
189027 1275
5640 1276
294669 1277
8017 1278
776 1279
245545 1280
14963 1281
267521 1282
158151 1283
195426 1284
4457 1285
241052 1286
190415 1287
106562 1288
263457 1289
22383 1290
156487 1291
195977 1292
792 1293
106405 1294
246666 1295
203803 1296
144836 1297
267518 1298
267522 1299
295941 1300
5636 1301
5560 1302
192048 1303
5648 1304
5624 1305
273583 1306
246814 1307
235776 1308
106091 1309
219850 1310
208509 1311
267426 1312
192362 1313
267421 1314
204401 1315
192811 1316
106819 1317
309741 1318
18960 1319
240578 1320
33900 1321
785 1322
265933 1323
263243 1324
192354 1325
18388 1326
18657 1327
266954 1328
107828 1329
757 1330
800 1331
269072 1332
1952 1333
187876 1334
156490 1335
18614 1336
303770 1337
1958 1338
12035 1339
203490 1340
19034 1341
30250 1342
30253 1343
105942 1344
255803 1345
267247 1346
222135 1347
270429 1348
819 1349
31523 1350
4328 1351
14740 1352
4332 1353
4326 1354
13482 1355
4322 1356
20111 1357
294343 1358
294227 1359
269798 1360
219492 1361
31287 1362
255860 1363
27958 1364
244502 1365
307280 1366
22092 1367
307112 1368
8511 1369
207558 1370
25575 1371
50468 1372
22091 1373
307306 1374
270994 1375
269285 1376
272452 1377
30868 1378
106368 1379
265571 1380
194597 1381
21854 1382
14889 1383
290876 1384
251810 1385
16568 1386
307417 1387
13130 1388
26319 1389
13133 1390
307106 1391
251652 1392
274056 1393
296076 1394
251805 1395
252215 1396
9527 1397
250883 1398
12049 1399
250886 1400
13131 1401
13136 1402
18666 1403
18668 1404
18669 1405
33303 1406
33301 1407
33302 1408
5561 1409
33306 1410
33309 1411
33305 1412
33307 1413
33308 1414
251913 1415
251912 1416
271939 1417
250917 1418
16441 1419
9547 1420
9524 1421
249072 1422
303236 1423
256945 1424
274329 1425
39862 1426
204075 1427
204074 1428
9700 1429
17059 1430
13132 1431
146058 1432
211231 1433
295793 1434
193061 1435
1659 1436
193054 1437
40035 1438
193062 1439
193058 1440
193057 1441
1658 1442
194836 1443
1666 1444
9522 1445
251914 1446
273756 1447
12052 1448
26316 1449
9701 1450
10244 1451
20936 1452
26315 1453
18667 1454
18674 1455
18661 1456
252297 1457
9702 1458
251404 1459
9697 1460
205331 1461
253736 1462
291256 1463
271233 1464
251252 1465
262893 1466
56563 1467
252074 1468
250918 1469
12053 1470
251681 1471
263228 1472
243966 1473
6470 1474
303135 1475
260628 1476
9526 1477
30489 1478
61485 1479
263633 1480
12020 1481
307452 1482
251841 1483
263726 1484
272994 1485
12047 1486
295363 1487
249313 1488
252448 1489
250922 1490
291257 1491
30603 1492
155472 1493
66719 1494
49417 1495
53094 1496
122213 1497
72666 1498
52168 1499
47473 1500
47474 1501
46483 1502
46482 1503
46133 1504
47265 1505
19341 1506
19324 1507
50765 1508
46479 1509
46477 1510
52346 1511
47078 1512
46154 1513
52156 1514
47319 1515
54150 1516
72528 1517
1668 1518
1716 1519
49081 1520
64491 1521
72584 1522
291481 1523
52828 1524
52837 1525
52829 1526
252952 1527
13501 1528
298104 1529
298021 1530
298106 1531
42560 1532
42257 1533
297998 1534
297995 1535
298105 1536
298110 1537
18672 1538
49953 1539
58997 1540
59002 1541
270156 1542
292016 1543
59097 1544
58391 1545
58392 1546
58393 1547
270162 1548
290035 1549
58313 1550
58394 1551
59096 1552
42572 1553
42784 1554
42783 1555
1726 1556
31476 1557
270242 1558
72586 1559
122214 1560
253233 1561
269375 1562
13500 1563
56936 1564
52067 1565
52069 1566
52070 1567
51962 1568
269093 1569
52448 1570
52471 1571
52095 1572
28399 1573
52453 1574
52467 1575
52444 1576
52465 1577
52090 1578
52091 1579
51961 1580
52089 1581
52450 1582
52445 1583
52446 1584
54895 1585
54897 1586
120991 1587
1746 1588
13053 1589
269327 1590
222802 1591
222800 1592
222796 1593
1743 1594
21913 1595
122672 1596
13238 1597
21923 1598
29684 1599
204997 1600
51123 1601
13017 1602
13250 1603
13249 1604
13240 1605
135042 1606
264051 1607
10219 1608
25625 1609
8531 1610
18890 1611
265381 1612
16029 1613
2437 1614
25252 1615
17766 1616
19605 1617
2436 1618
26695 1619
203208 1620
57036 1621
56918 1622
294697 1623
270562 1624
1688 1625
49108 1626
1680 1627
1734 1628
107171 1629
68584 1630
68611 1631
68602 1632
68595 1633
221512 1634
5500 1635
63263 1636
157023 1637
43736 1638
50082 1639
64297 1640
58409 1641
5653 1642
186469 1643
134364 1644
52027 1645
49061 1646
57038 1647
253220 1648
294272 1649
294527 1650
265438 1651
243799 1652
12958 1653
43245 1654
20107 1655
122152 1656
186637 1657
19727 1658
49060 1659
5652 1660
215586 1661
253900 1662
299192 1663
256242 1664
49065 1665
299305 1666
187483 1667
53670 1668
18782 1669
12812 1670
219659 1671
192050 1672
19896 1673
6914 1674
55749 1675
55812 1676
54235 1677
54236 1678
55758 1679
251822 1680
65951 1681
56371 1682
56373 1683
18956 1684
238633 1685
54586 1686
54651 1687
297750 1688
271182 1689
5666 1690
5664 1691
32323 1692
33955 1693
5693 1694
5695 1695
32471 1696
32456 1697
32142 1698
32141 1699
32262 1700
16922 1701
32263 1702
1784 1703
1928 1704
1783 1705
4431 1706
5696 1707
33949 1708
32261 1709
1777 1710
1764 1711
32308 1712
32294 1713
1765 1714
5748 1715
1781 1716
1782 1717
32038 1718
98740 1719
72981 1720
12427 1721
72785 1722
18097 1723
18090 1724
270075 1725
98679 1726
264630 1727
230316 1728
56301 1729
264545 1730
264284 1731
16416 1732
186715 1733
11244 1734
18124 1735
98716 1736
1769 1737
264425 1738
264525 1739
301776 1740
260261 1741
31786 1742
36279 1743
36277 1744
36290 1745
36291 1746
13811 1747
13816 1748
13812 1749
13813 1750
125528 1751
1830 1752
31796 1753
260262 1754
20262 1755
204978 1756
36397 1757
1808 1758
31772 1759
31791 1760
31801 1761
264286 1762
31805 1763
31806 1764
32029 1765
32016 1766
32008 1767
1866 1768
7920 1769
13810 1770
262902 1771
34255 1772
31804 1773
264567 1774
264270 1775
15680 1776
264382 1777
264593 1778
264604 1779
1788 1780
6020 1781
21646 1782
6021 1783
21529 1784
126161 1785
13518 1786
6015 1787
6026 1788
21480 1789
1818 1790
6030 1791
1814 1792
6029 1793
255241 1794
21550 1795
21551 1796
6009 1797
6008 1798
6013 1799
13509 1800
13517 1801
6014 1802
240561 1803
264275 1804
13825 1805
225225 1806
13823 1807
13819 1808
13835 1809
13834 1810
21266 1811
17698 1812
17697 1813
17684 1814
21273 1815
21274 1816
17696 1817
36441 1818
264687 1819
51618 1820
17591 1821
17647 1822
17624 1823
225231 1824
264482 1825
260437 1826
15695 1827
68090 1828
36449 1829
36445 1830
36462 1831
260540 1832
17715 1833
17713 1834
17717 1835
17718 1836
17708 1837
17709 1838
32052 1839
298503 1840
8208 1841
204206 1842
17711 1843
244694 1844
255768 1845
17710 1846
61539 1847
30497 1848
65578 1849
107000 1850
66359 1851
13167 1852
17777 1853
17798 1854
17802 1855
10462 1856
205227 1857
1853 1858
1878 1859
54009 1860
17781 1861
17803 1862
14837 1863
16823 1864
13168 1865
16825 1866
14854 1867
14856 1868
14848 1869
14852 1870
14861 1871
14850 1872
31883 1873
15119 1874
16818 1875
15118 1876
16734 1877
21713 1878
14859 1879
16735 1880
10887 1881
1910 1882
21717 1883
14846 1884
16828 1885
11719 1886
16739 1887
13205 1888
21721 1889
16827 1890
16826 1891
14010 1892
21715 1893
16821 1894
262218 1895
36123 1896
262805 1897
122154 1898
36124 1899
262198 1900
215785 1901
51188 1902
262242 1903
205226 1904
16819 1905
21732 1906
21730 1907
15123 1908
12454 1909
1869 1910
31885 1911
31880 1912
15121 1913
15120 1914
15116 1915
21734 1916
21737 1917
31840 1918
15115 1919
19907 1920
11387 1921
11245 1922
21727 1923
214849 1924
7852 1925
13488 1926
264339 1927
296832 1928
13192 1929
13191 1930
13193 1931
17347 1932
14821 1933
264620 1934
224967 1935
109177 1936
13789 1937
13188 1938
36292 1939
34227 1940
34228 1941
34231 1942
1839 1943
34225 1944
34233 1945
34250 1946
264419 1947
13178 1948
8515 1949
214210 1950
214209 1951
156310 1952
14814 1953
260230 1954
204549 1955
223821 1956
264607 1957
309749 1958
29639 1959
20123 1960
241428 1961
223826 1962
203326 1963
15851 1964
15873 1965
229498 1966
134321 1967
157998 1968
229495 1969
72832 1970
13773 1971
264332 1972
108723 1973
15814 1974
15815 1975
13871 1976
229497 1977
5471 1978
13199 1979
9956 1980
224068 1981
6828 1982
6829 1983
71034 1984
25068 1985
224133 1986
224139 1987
245726 1988
72901 1989
72917 1990
22713 1991
1897 1992
72899 1993
23721 1994
72920 1995
72916 1996
105774 1997
1892 1998
72924 1999
72897 2000
1900 2001
15874 2002
1904 2003
32053 2004
209832 2005
1847 2006
8426 2007
32272 2008
309745 2009
309746 2010
107350 2011
238841 2012
13200 2013
16022 2014
107413 2015
11738 2016
107412 2017
26035 2018
145465 2019
8390 2020
21613 2021
21614 2022
21994 2023
235481 2024
34152 2025
21557 2026
264599 2027
264401 2028
235316 2029
253333 2030
273090 2031
35814 2032
32067 2033
208068 2034
208066 2035
108029 2036
264378 2037
1917 2038
32121 2039
13506 2040
25702 2041
25820 2042
187131 2043
30156 2044
239414 2045
240078 2046
6006 2047
264266 2048
264304 2049
5919 2050
217532 2051
18990 2052
13951 2053
9929 2054
17129 2055
1936 2056
10472 2057
8009 2058
8008 2059
187130 2060
10471 2061
256867 2062
10480 2063
8376 2064
146285 2065
8010 2066
8375 2067
8371 2068
1945 2069
204451 2070
307456 2071
309477 2072
204454 2073
9707 2074
28271 2075
310576 2076
18942 2077
309375 2078
296027 2079
296026 2080
296025 2081
10650 2082
294233 2083
226164 2084
1949 2085
42676 2086
233033 2087
230383 2088
226166 2089
192071 2090
28308 2091
8385 2092
258191 2093
26655 2094
258193 2095
204524 2096
108363 2097
67195 2098
106116 2099
66897 2100
66337 2101
29528 2102
66728 2103
1977 2104
66195 2105
66193 2106
9907 2107
67536 2108
126124 2109
126123 2110
126122 2111
27127 2112
67769 2113
68477 2114
67929 2115
263406 2116
262778 2117
256605 2118
266411 2119
241337 2120
290801 2121
259609 2122
54903 2123
1998 2124
308109 2125
203434 2126
49195 2127
294679 2128
15187 2129
266692 2130
259001 2131
250763 2132
192051 2133
293073 2134
271786 2135
249385 2136
249375 2137
259673 2138
192173 2139
262925 2140
263269 2141
31289 2142
13826 2143
259293 2144
263461 2145
253249 2146
309510 2147
203745 2148
10505 2149
257817 2150
257816 2151
298300 2152
257261 2153
195718 2154
255213 2155
258978 2156
3252 2157
192011 2158
262744 2159
257969 2160
294207 2161
18713 2162
290829 2163
42607 2164
263300 2165
266464 2166
290814 2167
263895 2168
10913 2169
254149 2170
249032 2171
231477 2172
21109 2173
259527 2174
18848 2175
2011 2176
253819 2177
263358 2178
18784 2179
295587 2180
262146 2181
269100 2182
271413 2183
2019 2184
17904 2185
2060 2186
2051 2187
294333 2188
62356 2189
18693 2190
2061 2191
2058 2192
63194 2193
296523 2194
248237 2195
296263 2196
310256 2197
60197 2198
4543 2199
72735 2200
72736 2201
30036 2202
49761 2203
245713 2204
56418 2205
206927 2206
187793 2207
56417 2208
25461 2209
301948 2210
258057 2211
300048 2212
114568 2213
258055 2214
252953 2215
106213 2216
54302 2217
73277 2218
51912 2219
267598 2220
126008 2221
31053 2222
304677 2223
73037 2224
31032 2225
193841 2226
204048 2227
203582 2228
257564 2229
194297 2230
270800 2231
55607 2232
2075 2233
63032 2234
2076 2235
13683 2236
2089 2237
63036 2238
7025 2239
298865 2240
2082 2241
55459 2242
55258 2243
55454 2244
61836 2245
4430 2246
46076 2247
123023 2248
123036 2249
220517 2250
54939 2251
123024 2252
292559 2253
220895 2254
190087 2255
133035 2256
259144 2257
2084 2258
259328 2259
259327 2260
259337 2261
57010 2262
258263 2263
244937 2264
72889 2265
259789 2266
187959 2267
30694 2268
55753 2269
123148 2270
190266 2271
10152 2272
2105 2273
253718 2274
219554 2275
123118 2276
2110 2277
253701 2278
31111 2279
60142 2280
56191 2281
68263 2282
55754 2283
2097 2284
56423 2285
187814 2286
54899 2287
147145 2288
274102 2289
189466 2290
189300 2291
120989 2292
190264 2293
203233 2294
205372 2295
189486 2296
131152 2297
55998 2298
2135 2299
30960 2300
30092 2301
8472 2302
306441 2303
192501 2304
55798 2305
192468 2306
306869 2307
306748 2308
306865 2309
55802 2310
56188 2311
55999 2312
131105 2313
55889 2314
55854 2315
25978 2316
130962 2317
55852 2318
55905 2319
131100 2320
264256 2321
131014 2322
55839 2323
13706 2324
55796 2325
56192 2326
55803 2327
54999 2328
19906 2329
19905 2330
126803 2331
262153 2332
294500 2333
263557 2334
29984 2335
56186 2336
147032 2337
123271 2338
123270 2339
55800 2340
69416 2341
123232 2342
262800 2343
144898 2344
126031 2345
126068 2346
2169 2347
126069 2348
55981 2349
247676 2350
2146 2351
73125 2352
126424 2353
252650 2354
126428 2355
252515 2356
54354 2357
13712 2358
252520 2359
187126 2360
243287 2361
8824 2362
25260 2363
66275 2364
2165 2365
58168 2366
309402 2367
29525 2368
2144 2369
4360 2370
56000 2371
29152 2372
2148 2373
18686 2374
266932 2375
302606 2376
56002 2377
159487 2378
30502 2379
55596 2380
2164 2381
123022 2382
296705 2383
296672 2384
203762 2385
16163 2386
72750 2387
222671 2388
272575 2389
144041 2390
25619 2391
269114 2392
2191 2393
159554 2394
135292 2395
299774 2396
40459 2397
180827 2398
185547 2399
108075 2400
185466 2401
185549 2402
2183 2403
2187 2404
68816 2405
28717 2406
159552 2407
28730 2408
185487 2409
259039 2410
28752 2411
146259 2412
13305 2413
19816 2414
32372 2415
21118 2416
256243 2417
263250 2418
108059 2419
20727 2420
158453 2421
259224 2422
259223 2423
159417 2424
193501 2425
227892 2426
106920 2427
16999 2428
291093 2429
159516 2430
269647 2431
262253 2432
272983 2433
63879 2434
135326 2435
241340 2436
53680 2437
159553 2438
218085 2439
222757 2440
28731 2441
185470 2442
294486 2443
28738 2444
28740 2445
33647 2446
2189 2447
25652 2448
227128 2449
188763 2450
256223 2451
19893 2452
5812 2453
210986 2454
263598 2455
47975 2456
185457 2457
191798 2458
159551 2459
134270 2460
17371 2461
248611 2462
5488 2463
20435 2464
185520 2465
204456 2466
217824 2467
221222 2468
208333 2469
207390 2470
15195 2471
22282 2472
274407 2473
25990 2474
270552 2475
208337 2476
205985 2477
31212 2478
272290 2479
2223 2480
297241 2481
257202 2482
3052 2483
61925 2484
19840 2485
46972 2486
267890 2487
266295 2488
266267 2489
266299 2490
266274 2491
25731 2492
265231 2493
265467 2494
255417 2495
272469 2496
18777 2497
260653 2498
12423 2499
5795 2500
16073 2501
263573 2502
29404 2503
296024 2504
263361 2505
271809 2506
271807 2507
271806 2508
259950 2509
264821 2510
304431 2511
237303 2512
304434 2513
9786 2514
304435 2515
265968 2516
309097 2517
304443 2518
9761 2519
266308 2520
263689 2521
263034 2522
266345 2523
72829 2524
15073 2525
35 2526
266372 2527
266221 2528
266219 2529
2314 2530
211316 2531
247090 2532
266229 2533
266363 2534
266242 2535
261366 2536
18999 2537
266237 2538
266096 2539
235589 2540
16343 2541
263003 2542
263679 2543
11380 2544
266017 2545
11634 2546
263743 2547
9869 2548
263574 2549
262718 2550
266007 2551
270520 2552
266011 2553
30873 2554
207220 2555
207217 2556
26156 2557
233401 2558
296757 2559
238333 2560
245332 2561
245334 2562
245361 2563
256094 2564
2390 2565
123385 2566
123410 2567
123407 2568
123396 2569
123399 2570
123397 2571
123411 2572
123412 2573
123398 2574
11607 2575
123383 2576
22574 2577
246272 2578
2394 2579
298608 2580
294219 2581
301960 2582
296756 2583
296758 2584
203993 2585
203990 2586
203992 2587
203991 2588
203989 2589
263549 2590
8587 2591
31077 2592
236595 2593
205220 2594
2428 2595
31366 2596
268165 2597
193675 2598
29188 2599
193674 2600
68183 2601
193677 2602
29190 2603
268112 2604
15255 2605
61475 2606
5923 2607
15594 2608
254606 2609
15464 2610
297398 2611
268635 2612
31187 2613
15385 2614
58403 2615
58404 2616
247898 2617
204208 2618
296337 2619
15361 2620
2439 2621
260534 2622
15481 2623
265329 2624
122422 2625
260741 2626
269433 2627
241426 2628
19739 2629
123037 2630
266206 2631
273344 2632
252128 2633
158683 2634
211992 2635
158550 2636
45342 2637
211993 2638
62220 2639
269437 2640
265862 2641
291674 2642
107134 2643
107133 2644
259277 2645
120983 2646
237009 2647
240415 2648
257561 2649
300005 2650
257773 2651
258723 2652
273047 2653
265938 2654
296400 2655
266046 2656
307740 2657
13902 2658
230328 2659
47418 2660
32848 2661
33976 2662
33964 2663
305190 2664
32927 2665
240092 2666
240094 2667
32929 2668
2485 2669
32595 2670
2494 2671
105720 2672
32233 2673
36388 2674
270454 2675
33995 2676
2461 2677
227929 2678
268402 2679
46759 2680
214889 2681
214902 2682
36385 2683
210829 2684
210830 2685
47894 2686
47415 2687
268556 2688
35613 2689
15975 2690
36379 2691
48094 2692
239307 2693
36382 2694
214757 2695
2500 2696
144241 2697
240846 2698
240842 2699
240843 2700
206647 2701
14377 2702
307615 2703
250003 2704
36100 2705
267634 2706
267463 2707
267474 2708
267818 2709
267820 2710
267822 2711
304402 2712
267758 2713
267815 2714
267759 2715
47412 2716
18742 2717
32834 2718
147062 2719
203219 2720
230251 2721
206267 2722
47976 2723
49012 2724
49013 2725
47042 2726
13911 2727
9658 2728
221901 2729
36365 2730
210298 2731
33960 2732
34424 2733
51990 2734
36096 2735
47836 2736
47835 2737
35616 2738
47838 2739
47837 2740
303569 2741
34438 2742
49132 2743
46295 2744
206648 2745
34441 2746
34440 2747
34439 2748
225036 2749
310260 2750
8588 2751
14096 2752
303991 2753
67369 2754
266050 2755
132865 2756
27783 2757
29642 2758
69160 2759
133140 2760
307506 2761
305465 2762
305463 2763
307435 2764
269752 2765
122881 2766
11563 2767
256469 2768
263770 2769
65291 2770
26473 2771
263572 2772
249089 2773
262463 2774
27807 2775
191971 2776
2547 2777
241456 2778
132501 2779
27965 2780
290165 2781
232317 2782
270815 2783
302669 2784
68095 2785
155922 2786
2571 2787
204813 2788
156040 2789
125438 2790
155752 2791
309988 2792
309989 2793
260245 2794
270881 2795
133841 2796
297960 2797
63375 2798
295412 2799
300637 2800
310265 2801
19943 2802
156041 2803
18870 2804
205097 2805
187934 2806
155766 2807
270613 2808
43365 2809
232015 2810
258216 2811
270614 2812
270740 2813
31015 2814
270604 2815
64377 2816
237494 2817
31284 2818
205413 2819
155883 2820
259265 2821
205414 2822
131682 2823
270755 2824
265866 2825
218156 2826
12105 2827
2573 2828
46298 2829
46300 2830
259713 2831
254272 2832
46739 2833
2587 2834
262948 2835
2584 2836
53525 2837
15007 2838
228406 2839
2604 2840
302198 2841
309523 2842
219391 2843
40766 2844
234741 2845
226509 2846
250968 2847
203634 2848
6926 2849
294639 2850
269466 2851
233649 2852
226508 2853
230381 2854
122833 2855
2601 2856
209344 2857
28253 2858
249314 2859
193302 2860
193299 2861
252046 2862
272981 2863
253894 2864
12451 2865
308438 2866
2619 2867
207223 2868
207215 2869
207222 2870
207208 2871
207205 2872
185804 2873
185802 2874
297953 2875
305431 2876
265625 2877
263467 2878
193984 2879
263581 2880
307429 2881
30676 2882
125544 2883
247146 2884
247386 2885
14953 2886
205744 2887
294654 2888
23133 2889
208310 2890
294375 2891
308108 2892
310389 2893
310390 2894
270841 2895
270035 2896
125543 2897
208319 2898
252321 2899
208409 2900
299491 2901
208407 2902
20421 2903
207335 2904
208072 2905
269735 2906
49165 2907
2745 2908
307108 2909
310601 2910
7243 2911
189065 2912
194892 2913
266777 2914
145870 2915
5467 2916
2717 2917
19881 2918
308157 2919
301957 2920
270140 2921
6467 2922
266410 2923
271659 2924
11159 2925
294240 2926
302063 2927
302064 2928
294241 2929
9912 2930
302708 2931
269066 2932
238888 2933
195729 2934
240406 2935
300840 2936
237507 2937
266830 2938
195512 2939
2729 2940
21562 2941
19033 2942
23262 2943
266145 2944
260364 2945
2753 2946
302657 2947
291700 2948
243958 2949
204023 2950
301589 2951
9898 2952
18233 2953
245290 2954
122386 2955
265661 2956
210950 2957
203204 2958
203202 2959
203203 2960
203205 2961
304620 2962
18676 2963
39659 2964
2672 2965
22760 2966
240069 2967
2686 2968
175693 2969
21751 2970
2722 2971
298139 2972
23030 2973
291988 2974
308084 2975
305696 2976
48414 2977
205267 2978
19895 2979
305159 2980
2667 2981
268514 2982
193047 2983
193043 2984
193048 2985
193046 2986
18634 2987
271739 2988
18687 2989
298406 2990
298404 2991
2793 2992
256018 2993
193980 2994
208311 2995
2807 2996
270686 2997
263268 2998
146316 2999
185723 3000
309370 3001
55715 3002
195121 3003
272479 3004
250845 3005
271797 3006
250846 3007
48412 3008
300838 3009
301424 3010
262199 3011
265692 3012
106008 3013
265854 3014
13542 3015
203213 3016
14078 3017
5801 3018
43549 3019
19864 3020
297889 3021
17899 3022
307444 3023
267946 3024
21559 3025
207252 3026
125882 3027
258376 3028
304459 3029
156213 3030
205402 3031
272980 3032
310589 3033
20420 3034
246523 3035
298345 3036
20030 3037
2798 3038
208307 3039
304736 3040
10314 3041
300016 3042
265934 3043
193967 3044
21822 3045
296583 3046
192046 3047
310273 3048
265841 3049
247092 3050
308065 3051
2786 3052
9864 3053
271768 3054
310360 3055
251062 3056
265693 3057
265840 3058
2788 3059
245348 3060
245349 3061
2789 3062
246340 3063
302021 3064
251282 3065
109722 3066
302505 3067
264880 3068
25170 3069
228328 3070
302959 3071
2778 3072
194678 3073
252389 3074
179976 3075
272029 3076
273307 3077
273309 3078
296019 3079
204166 3080
303198 3081
241259 3082
266467 3083
249269 3084
23098 3085
157125 3086
31171 3087
3051 3088
193112 3089
256874 3090
302667 3091
123626 3092
12693 3093
125795 3094
125814 3095
126369 3096
221609 3097
12698 3098
125776 3099
125947 3100
126205 3101
18463 3102
126456 3103
125961 3104
125940 3105
123710 3106
126373 3107
125946 3108
123709 3109
23350 3110
125851 3111
125849 3112
125769 3113
126226 3114
126385 3115
230872 3116
18231 3117
126284 3118
126364 3119
125729 3120
125732 3121
126268 3122
68875 3123
126289 3124
307447 3125
126316 3126
126312 3127
126356 3128
126358 3129
126355 3130
126391 3131
126414 3132
126211 3133
123711 3134
270626 3135
123712 3136
233285 3137
125394 3138
126246 3139
126304 3140
185289 3141
126382 3142
126410 3143
125392 3144
125390 3145
156230 3146
156231 3147
156232 3148
23609 3149
125759 3150
289508 3151
27155 3152
126265 3153
126267 3154
126362 3155
125397 3156
125398 3157
123597 3158
123606 3159
123599 3160
231296 3161
126324 3162
126421 3163
18377 3164
18382 3165
126493 3166
126227 3167
214887 3168
784 3169
159446 3170
221552 3171
126352 3172
27776 3173
211924 3174
268860 3175
260842 3176
294465 3177
270205 3178
26589 3179
12818 3180
294381 3181
203590 3182
57013 3183
260102 3184
294382 3185
57233 3186
56211 3187
26175 3188
263455 3189
299234 3190
3088 3191
205990 3192
3064 3193
54089 3194
3091 3195
298073 3196
257541 3197
244396 3198
307431 3199
259315 3200
25532 3201
56475 3202
298072 3203
4378 3204
307401 3205
28676 3206
10111 3207
27409 3208
249199 3209
15012 3210
17288 3211
294756 3212
56490 3213
225030 3214
56937 3215
11952 3216
264837 3217
259575 3218
27416 3219
259234 3220
194169 3221
25626 3222
57104 3223
26179 3224
122932 3225
19894 3226
31051 3227
270670 3228
8982 3229
56311 3230
238051 3231
296724 3232
269194 3233
3075 3234
53614 3235
256489 3236
295986 3237
31190 3238
206043 3239
264741 3240
294638 3241
289990 3242
294640 3243
230318 3244
3097 3245
5454 3246
250107 3247
158547 3248
158675 3249
158678 3250
158673 3251
135340 3252
42802 3253
259562 3254
294367 3255
65989 3256
244591 3257
301791 3258
3137 3259
126610 3260
4372 3261
11534 3262
166617 3263
105729 3264
303910 3265
247104 3266
204004 3267
203999 3268
204003 3269
204001 3270
204000 3271
204005 3272
131842 3273
3125 3274
203994 3275
20065 3276
203995 3277
203997 3278
203998 3279
303114 3280
52449 3281
204142 3282
204338 3283
50517 3284
260448 3285
252500 3286
269156 3287
69130 3288
145174 3289
249863 3290
180039 3291
291668 3292
269192 3293
105655 3294
68180 3295
69129 3296
122507 3297
19159 3298
68258 3299
269128 3300
3115 3301
214979 3302
269140 3303
49198 3304
52737 3305
52736 3306
269146 3307
53316 3308
49988 3309
306731 3310
3112 3311
50144 3312
20490 3313
221361 3314
188626 3315
69167 3316
241780 3317
65677 3318
269198 3319
106022 3320
269117 3321
269157 3322
3116 3323
221899 3324
3128 3325
262013 3326
271697 3327
222691 3328
134862 3329
108444 3330
108445 3331
108520 3332
262730 3333
144824 3334
133590 3335
253193 3336
10603 3337
14559 3338
214945 3339
10745 3340
13640 3341
10656 3342
10626 3343
33228 3344
266439 3345
11101 3346
63560 3347
10581 3348
14560 3349
3152 3350
10630 3351
3204 3352
10735 3353
3180 3354
11102 3355
267330 3356
10596 3357
11991 3358
11615 3359
10604 3360
19582 3361
267246 3362
10744 3363
10042 3364
10588 3365
10622 3366
13933 3367
13954 3368
10627 3369
10811 3370
10635 3371
12001 3372
11999 3373
258846 3374
10590 3375
10619 3376
12003 3377
271796 3378
9496 3379
27288 3380
10040 3381
134472 3382
33235 3383
10918 3384
255316 3385
3170 3386
134042 3387
122683 3388
191763 3389
134122 3390
134125 3391
134120 3392
134507 3393
134121 3394
133973 3395
134463 3396
122681 3397
126739 3398
246305 3399
191743 3400
133227 3401
191742 3402
134067 3403
133985 3404
193400 3405
188746 3406
188735 3407
157758 3408
134065 3409
191695 3410
188950 3411
133244 3412
69588 3413
122691 3414
122690 3415
134096 3416
122693 3417
49542 3418
250821 3419
253255 3420
10231 3421
134090 3422
134092 3423
245507 3424
134041 3425
3207 3426
123331 3427
29339 3428
191692 3429
3221 3430
122479 3431
191712 3432
108333 3433
122692 3434
245460 3435
133986 3436
65693 3437
121017 3438
157681 3439
134064 3440
108287 3441
12413 3442
134130 3443
134123 3444
294613 3445
123387 3446
207230 3447
9897 3448
204688 3449
14962 3450
229738 3451
243967 3452
307135 3453
219739 3454
306754 3455
264110 3456
252950 3457
195212 3458
263613 3459
123696 3460
3254 3461
7798 3462
31290 3463
25620 3464
30091 3465
206517 3466
262736 3467
194127 3468
193899 3469
207438 3470
221174 3471
221175 3472
262941 3473
263308 3474
28115 3475
28113 3476
3267 3477
294497 3478
258336 3479
28095 3480
291661 3481
263418 3482
19036 3483
1603 3484
5296 3485
5254 3486
5215 3487
829 3488
203761 3489
835 3490
49386 3491
49664 3492
49394 3493
49402 3494
836 3495
1476 3496
295735 3497
844 3498
1042 3499
123084 3500
252812 3501
1359 3502
931 3503
1118 3504
1002 3505
1245 3506
1085 3507
1200 3508
1327 3509
922 3510
4750 3511
7616 3512
1445 3513
4687 3514
4937 3515
4869 3516
241336 3517
1459 3518
1412 3519
1471 3520
1477 3521
4747 3522
4748 3523
1500 3524
206972 3525
4422 3526
1516 3527
1558 3528
17901 3529
34724 3530
290277 3531
269101 3532
206146 3533
121110 3534
1600 3535
31362 3536
1606 3537
262901 3538
4890 3539
4810 3540
4936 3541
266553 3542
31346 3543
5352 3544
4983 3545
2890 3546
31513 3547
5206 3548
5186 3549
31511 3550
5353 3551
240488 3552
2892 3553
241491 3554
241492 3555
206048 3556
272279 3557
2864 3558
4675 3559
17879 3560
5072 3561
18786 3562
18787 3563
4949 3564
229803 3565
5182 3566
5295 3567
241898 3568
5331 3569
46236 3570
231321 3571
30020 3572
11782 3573
12040 3574
12627 3575
5090 3576
11750 3577
4290 3578
11752 3579
13545 3580
12033 3581
25145 3582
4288 3583
11802 3584
12034 3585
11753 3586
13096 3587
187185 3588
187133 3589
4915 3590
4265 3591
4293 3592
4262 3593
4797 3594
5134 3595
4266 3596
7756 3597
5227 3598
4680 3599
5243 3600
4724 3601
5230 3602
179455 3603
4894 3604
5076 3605
4956 3606
4814 3607
5291 3608
29437 3609
260589 3610
4271 3611
254249 3612
4276 3613
5245 3614
54477 3615
4275 3616
4289 3617
11479 3618
296036 3619
27505 3620
6902 3621
5486 3622
5269 3623
5157 3624
14464 3625
6897 3626
12043 3627
12044 3628
5117 3629
25725 3630
11254 3631
11816 3632
14079 3633
25823 3634
5148 3635
12628 3636
11755 3637
13508 3638
9383 3639
109184 3640
241289 3641
289986 3642
290062 3643
294378 3644
234208 3645
18208 3646
192052 3647
252951 3648
17830 3649
303044 3650
247125 3651
260720 3652
126163 3653
307137 3654
66447 3655
66450 3656
26817 3657
66445 3658
66446 3659
66444 3660
66438 3661
66437 3662
66442 3663
65974 3664
3286 3665
107405 3666
107254 3667
199030 3668
201833 3669
197238 3670
198845 3671
196504 3672
3292 3673
196652 3674
201097 3675
201107 3676
202176 3677
198981 3678
199031 3679
108026 3680
198912 3681
202041 3682
30837 3683
197277 3684
202350 3685
198911 3686
201307 3687
196286 3688
196473 3689
196567 3690
196603 3691
196607 3692
196780 3693
197080 3694
197318 3695
197330 3696
197332 3697
197339 3698
197384 3699
197644 3700
197873 3701
198448 3702
198492 3703
198616 3704
198619 3705
198646 3706
199167 3707
199185 3708
199224 3709
199582 3710
200421 3711
201220 3712
201225 3713
201233 3714
202020 3715
202532 3716
202717 3717
202727 3718
202862 3719
202926 3720
289558 3721
196516 3722
201211 3723
201282 3724
202907 3725
200104 3726
198901 3727
201108 3728
201109 3729
196904 3730
199700 3731
197825 3732
263755 3733
43659 3734
3300 3735
3309 3736
290475 3737
188553 3738
48659 3739
3317 3740
3357 3741
19917 3742
258164 3743
264852 3744
41263 3745
296092 3746
31079 3747
37365 3748
37389 3749
39352 3750
49563 3751
3358 3752
40784 3753
3391 3754
44769 3755
43645 3756
52108 3757
262919 3758
19763 3759
270441 3760
72831 3761
28318 3762
105723 3763
262899 3764
19280 3765
269723 3766
210314 3767
75735 3768
3445 3769
3446 3770
3511 3771
211925 3772
74718 3773
74683 3774
9810 3775
25556 3776
74726 3777
19802 3778
244762 3779
218995 3780
220779 3781
76245 3782
76530 3783
210437 3784
3460 3785
76958 3786
76996 3787
8707 3788
27941 3789
210331 3790
80774 3791
21114 3792
13814 3793
5530 3794
18447 3795
82415 3796
220123 3797
216880 3798
211729 3799
206127 3800
83722 3801
9763 3802
27905 3803
18394 3804
19983 3805
212779 3806
25469 3807
86456 3808
3525 3809
217368 3810
3529 3811
220248 3812
28004 3813
25080 3814
25897 3815
221018 3816
90026 3817
217760 3818
209070 3819
210269 3820
219820 3821
209824 3822
11243 3823
210013 3824
91866 3825
91868 3826
3516 3827
3571 3828
92512 3829
92926 3830
27907 3831
12058 3832
212409 3833
10794 3834
96279 3835
92520 3836
220530 3837
218110 3838
208776 3839
97406 3840
20926 3841
98473 3842
220536 3843
27702 3844
110014 3845
110623 3846
5993 3847
132749 3848
11208 3849
41034 3850
3591 3851
59888 3852
110080 3853
110587 3854
110153 3855
110264 3856
110346 3857
158849 3858
110406 3859
110448 3860
110480 3861
6032 3862
12113 3863
110046 3864
110151 3865
3592 3866
110189 3867
5943 3868
109826 3869
110015 3870
158562 3871
296146 3872
111102 3873
134573 3874
26027 3875
11313 3876
6203 3877
6204 3878
6124 3879
114003 3880
3640 3881
3632 3882
114457 3883
3642 3884
114732 3885
6282 3886
296011 3887
115220 3888
296115 3889
270313 3890
295968 3891
271080 3892
292032 3893
194479 3894
291868 3895
272534 3896
118255 3897
5992 3898
118882 3899
3630 3900
11409 3901
8891 3902
119368 3903
119830 3904
291593 3905
292074 3906
10384 3907
11396 3908
295955 3909
295970 3910
290638 3911
120988 3912
296114 3913
62857 3914
228133 3915
23412 3916
17109 3917
296628 3918
66801 3919
66802 3920
66804 3921
66805 3922
66807 3923
10963 3924
71844 3925
66808 3926
66812 3927
66814 3928
66815 3929
66816 3930
66819 3931
71884 3932
66821 3933
66822 3934
66823 3935
66825 3936
139187 3937
263752 3938
136801 3939
45583 3940
3741 3941
45584 3942
137397 3943
45668 3944
3748 3945
139109 3946
45667 3947
139628 3948
45707 3949
99739 3950
31418 3951
31419 3952
10517 3953
64359 3954
167772 3955
31420 3956
25503 3957
204140 3958
157890 3959
7842 3960
21635 3961
213566 3962
213578 3963
14134 3964
213568 3965
213593 3966
7825 3967
213588 3968
213589 3969
65118 3970
213590 3971
213597 3972
20609 3973
213603 3974
213604 3975
8108 3976
213602 3977
213591 3978
213592 3979
213607 3980
269221 3981
66582 3982
27777 3983
270969 3984
24925 3985
44651 3986
44652 3987
133771 3988
44654 3989
44655 3990
29897 3991
3761 3992
44656 3993
44658 3994
44657 3995
290055 3996
44680 3997
44684 3998
44685 3999
44686 4000
269397 4001
296720 4002
290698 4003
73227 4004
291666 4005
269630 4006
296656 4007
296094 4008
291002 4009
292021 4010
292041 4011
295985 4012
295990 4013
28322 4014
290719 4015
64375 4016
290478 4017
262766 4018
29641 4019
155473 4020
290433 4021
3762 4022
296638 4023
257589 4024
290365 4025
296708 4026
294321 4027
271074 4028
269494 4029
296591 4030
230544 4031
290507 4032
296020 4033
290700 4034
270444 4035
261673 4036
261732 4037
261628 4038
210274 4039
27780 4040
261649 4041
105722 4042
261715 4043
261679 4044
261622 4045
22429 4046
16152 4047
64960 4048
261688 4049
261676 4050
64295 4051
64296 4052
133588 4053
108025 4054
214034 4055
261716 4056
261695 4057
261717 4058
64733 4059
243956 4060
294212 4061
48980 4062
256625 4063
6037 4064
6078 4065
6081 4066
46190 4067
6664 4068
143173 4069
16392 4070
4099 4071
3821 4072
5755 4073
266101 4074
22528 4075
5972 4076
15157 4077
121132 4078
126745 4079
214682 4080
123769 4081
5365 4082
54517 4083
10679 4084
126893 4085
225423 4086
19768 4087
125586 4088
221750 4089
125587 4090
126749 4091
108027 4092
31294 4093
167404 4094
7919 4095
212328 4096
167468 4097
11954 4098
290451 4099
166723 4100
123423 4101
16397 4102
30391 4103
266495 4104
167600 4105
167617 4106
167637 4107
133587 4108
27787 4109
43854 4110
295971 4111
43907 4112
25512 4113
43926 4114
3861 4115
272694 4116
43983 4117
3871 4118
9672 4119
3860 4120
15168 4121
23439 4122
26074 4123
44115 4124
29494 4125
15134 4126
28597 4127
28596 4128
14004 4129
11826 4130
44169 4131
44185 4132
146927 4133
3866 4134
3865 4135
11180 4136
26180 4137
44243 4138
44222 4139
44250 4140
237503 4141
44236 4142
44245 4143
44249 4144
44251 4145
28561 4146
264689 4147
256168 4148
3868 4149
44443 4150
26075 4151
161124 4152
64037 4153
241425 4154
23763 4155
30633 4156
164790 4157
3879 4158
36825 4159
163655 4160
165110 4161
44729 4162
44733 4163
162984 4164
160022 4165
213246 4166
213237 4167
213244 4168
160700 4169
161464 4170
213231 4171
213241 4172
213240 4173
16398 4174
30835 4175
162873 4176
213238 4177
213148 4178
163485 4179
163486 4180
213245 4181
163737 4182
163738 4183
164888 4184
213243 4185
160302 4186
160386 4187
160387 4188
160701 4189
160969 4190
160973 4191
161241 4192
161500 4193
161558 4194
162272 4195
305375 4196
162325 4197
162326 4198
162406 4199
163375 4200
163956 4201
164889 4202
166340 4203
166346 4204
256634 4205
296659 4206
296698 4207
295991 4208
296650 4209
64220 4210
3892 4211
60981 4212
62159 4213
63991 4214
8818 4215
61549 4216
62059 4217
61321 4218
3916 4219
5964 4220
41093 4221
274162 4222
59938 4223
63549 4224
61858 4225
62060 4226
65267 4227
63697 4228
64221 4229
3960 4230
48985 4231
291957 4232
291348 4233
255329 4234
296122 4235
270730 4236
263181 4237
3975 4238
7188 4239
34817 4240
3977 4241
68111 4242
219876 4243
266183 4244
31280 4245
296144 4246
213367 4247
4025 4248
203714 4249
205197 4250
13420 4251
13722 4252
213378 4253
8459 4254
213381 4255
204085 4256
259865 4257
19740 4258
156887 4259
259866 4260
259871 4261
7747 4262
259873 4263
259913 4264
185508 4265
259914 4266
100296 4267
241423 4268
259916 4269
32047 4270
14916 4271
259924 4272
259923 4273
259917 4274
126092 4275
10449 4276
122917 4277
259906 4278
259938 4279
259927 4280
68551 4281
259926 4282
246708 4283
246704 4284
259925 4285
259869 4286
28344 4287
269513 4288
31276 4289
31275 4290
215934 4291
802 4292
269392 4293
54926 4294
290014 4295
290223 4296
270992 4297
107631 4298
296699 4299
296107 4300
296963 4301
263992 4302
62859 4303
256158 4304
31274 4305
4062 4306
19693 4307
63670 4308
151504 4309
149580 4310
270944 4311
151901 4312
185506 4313
16578 4314
4085 4315
9693 4316
28607 4317
57558 4318
61999 4319
9665 4320
4086 4321
3653 4322
27485 4323
106219 4324
19813 4325
107441 4326
259963 4327
259964 4328
321 4329
259966 4330
259967 4331
99532 4332
259962 4333
122313 4334
45293 4335
264862 4336
27789 4337
262797 4338
264725 4339
28319 4340
263274 4341
264705 4342
259877 4343
196038 4344
263006 4345
243959 4346
212011 4347
290230 4348
41848 4349
243957 4350
291656 4351
28340 4352
290929 4353
290359 4354
290974 4355
28342 4356
290458 4357
270322 4358
133826 4359
291191 4360
291186 4361
290898 4362
42115 4363
291216 4364
255705 4365
270259 4366
270927 4367
16176 4368
290973 4369
290099 4370
291067 4371
290926 4372
155471 4373
290323 4374
31293 4375
254797 4376
290268 4377
31285 4378
270671 4379
255326 4380
291210 4381
291217 4382
133825 4383
266601 4384
37805 4385
37987 4386
204167 4387
4181 4388
262813 4389
4142 4390
5363 4391
39263 4392
39264 4393
39265 4394
39266 4395
39267 4396
39268 4397
39269 4398
39262 4399
39153 4400
27693 4401
4559 4402
22469 4403
109607 4404
109608 4405
103648 4406
19963 4407
103691 4408
103698 4409
109311 4410
104199 4411
8487 4412
108551 4413
105174 4414
18286 4415
17412 4416
17936 4417
17671 4418
17281 4419
17931 4420
17282 4421
18288 4422
18265 4423
18287 4424
106216 4425
28320 4426
25686 4427
269033 4428
22549 4429
25697 4430
156506 4431
156508 4432
156500 4433
169757 4434
156503 4435
156499 4436
156507 4437
107357 4438
22547 4439
22550 4440
170333 4441
22921 4442
23792 4443
29645 4444
301233 4445
29644 4446
29643 4447
170746 4448
156192 4449
25681 4450
172678 4451
7493 4452
105719 4453
292720 4454
106226 4455
47385 4456
47384 4457
224650 4458
209873 4459
18405 4460
211979 4461
27055 4462
6921 4463
68114 4464
269734 4465
15998 4466
302746 4467
294602 4468
194449 4469
61030 4470
18963 4471
4355 4472
290868 4473
10977 4474
302747 4475
108736 4476
61023 4477
258744 4478
61043 4479
28037 4480
10496 4481
231945 4482
61039 4483
231949 4484
21638 4485
204144 4486
19669 4487
61338 4488
26314 4489
