142188 0
67249 1
240975 2
240971 3
242762 4
240974 5
240972 6
240970 7
240973 8
257282 9
257277 10
240535 11
257340 12
240169 13
240342 14
257281 15
257312 16
191968 17
257291 18
28338 19
204164 20
193773 21
257218 22
257217 23
10242 24
231210 25
175654 26
245097 27
23511 28
257232 29
257231 30
257228 31
257230 32
257251 33
257220 34
5817 35
257229 36
257247 37
175655 38
257239 39
9382 40
257243 41
257226 42
269722 43
19920 44
257222 45
257221 46
240446 47
51086 48
49 49
240458 50
259282 51
249148 52
244896 53
257382 54
257381 55
146691 56
19903 57
10211 58
107346 59
257379 60
240557 61
240560 62
240956 63
23183 64
61344 65
48223 66
251763 67
229714 68
308624 69
257319 70
257318 71
257320 72
239485 73
246257 74
252343 75
240134 76
14725 77
308063 78
269840 79
26277 80
229861 81
242938 82
105496 83
242934 84
105498 85
105607 86
240292 87
240293 88
105568 89
105575 90
240298 91
296517 92
296518 93
300531 94
223095 95
7080 96
105565 97
106455 98
230032 99
230030 100
230023 101
224804 102
224801 103
230026 104
295752 105
5781 106
263387 107
294455 108
225913 109
226669 110
295087 111
193457 112
192233 113
257661 114
257517 115
257565 116
257519 117
257518 118
294563 119
294580 120
98639 121
106847 122
106848 123
106902 124
106845 125
98671 126
252258 127
41611 128
41646 129
252256 130
41442 131
41443 132
41645 133
180042 134
41615 135
191085 136
13568 137
41614 138
98675 139
257054 140
217487 141
265550 142
191789 143
127294 144
273386 145
245600 146
12502 147
290845 148
270114 149
143289 150
272527 151
258199 152
258200 153
245700 154
195773 155
10339 156
158 157
8879 158
143378 159
135472 160
8698 161
157505 162
10269 163
135453 164
16646 165
16647 166
16648 167
143370 168
17632 169
157506 170
17765 171
21637 172
26212 173
130620 174
16631 175
16954 176
8690 177
270157 178
127308 179
123164 180
135471 181
130619 182
11839 183
11125 184
17629 185
127357 186
130646 187
130647 188
130645 189
13980 190
215318 191
155 192
269902 193
156525 194
154 195
143403 196
143268 197
16698 198
143267 199
143269 200
259418 201
17478 202
296525 203
166 204
6989 205
190242 206
11726 207
126175 208
19088 209
130644 210
233025 211
132824 212
6162 213
126571 214
28504 215
18798 216
208 217
269853 218
15395 219
208070 220
15394 221
15211 222
15397 223
15319 224
15564 225
11723 226
202 227
46171 228
218 229
291078 230
125680 231
11514 232
291058 233
291057 234
109717 235
291021 236
61 237
248954 238
257597 239
265726 240
209941 241
269673 242
269674 243
41598 244
109665 245
248950 246
12565 247
247084 248
247071 249
243055 250
7612 251
247070 252
247073 253
26676 254
249016 255
43112 256
46749 257
46735 258
46776 259
46802 260
121072 261
217513 262
41890 263
41866 264
41891 265
47829 266
43755 267
5609 268
42488 269
42277 270
46279 271
42281 272
42279 273
42457 274
42376 275
42571 276
42573 277
258641 278
229912 279
303771 280
58953 281
57581 282
57589 283
68262 284
57920 285
44373 286
44455 287
44382 288
250 289
44724 290
44362 291
44366 292
44363 293
44597 294
159262 295
44367 296
44448 297
12410 298
31919 299
56659 300
220718 301
49726 302
12771 303
251 304
20466 305
56034 306
56030 307
56601 308
56902 309
56897 310
57265 311
45031 312
45086 313
45030 314
45016 315
45221 316
266053 317
45111 318
45208 319
45209 320
186787 321
210047 322
18344 323
158863 324
61615 325
61614 326
272444 327
57587 328
20201 329
121071 330
57114 331
20213 332
252328 333
47853 334
58062 335
264025 336
42330 337
20210 338
147029 339
55872 340
66915 341
46491 342
296031 343
58436 344
255626 345
61648 346
59155 347
58122 348
195136 349
185670 350
57580 351
258629 352
189241 353
58438 354
57525 355
237221 356
237224 357
271495 358
258308 359
280 360
306 361
234846 362
7959 363
231760 364
296563 365
296565 366
131474 367
11111 368
209375 369
219686 370
24879 371
11961 372
375 373
370 374
145793 375
69699 376
23818 377
289598 378
308129 379
8769 380
211260 381
42819 382
69153 383
408 384
421 385
7719 386
6874 387
417 388
418 389
395 390
307778 391
21133 392
127216 393
18406 394
305286 395
157603 396
405 397
443 398
69586 399
30595 400
192503 401
30588 402
400 403
217598 404
24989 405
190718 406
190717 407
145884 408
145877 409
24995 410
190645 411
367 412
262809 413
444 414
271730 415
14755 416
30432 417
30433 418
30431 419
123114 420
253267 421
194850 422
194852 423
194853 424
302330 425
194851 426
25121 427
13108 428
212165 429
212164 430
253667 431
16463 432
263854 433
243749 434
31162 435
237498 436
5557 437
243685 438
243689 439
243686 440
26411 441
243527 442
306966 443
306993 444
243687 445
243663 446
243688 447
16649 448
225342 449
244960 450
253450 451
253449 452
509 453
25758 454
123692 455
123689 456
123688 457
243738 458
22961 459
25762 460
220212 461
211456 462
8020 463
243732 464
18837 465
34711 466
264909 467
231173 468
68830 469
303487 470
273329 471
68829 472
31402 473
31404 474
31403 475
7276 476
251164 477
259695 478
192187 479
216792 480
19909 481
257776 482
234326 483
297788 484
224243 485
171351 486
171345 487
171350 488
171348 489
171352 490
23378 491
195599 492
30451 493
171347 494
171346 495
195607 496
171349 497
19374 498
10268 499
291769 500
14031 501
291721 502
230994 503
256400 504
253638 505
531 506
21368 507
578 508
21868 509
10846 510
21692 511
7787 512
253535 513
11567 514
21757 515
7786 516
21445 517
11990 518
11568 519
253847 520
4584 521
541 522
7219 523
105644 524
244956 525
6974 526
244957 527
21214 528
11592 529
223568 530
542 531
5857 532
545 533
253631 534
13230 535
21249 536
21251 537
544 538
21250 539
18747 540
253635 541
256571 542
256556 543
5800 544
256519 545
256520 546
13216 547
244638 548
256401 549
253432 550
227769 551
223571 552
246802 553
230521 554
244424 555
255109 556
253618 557
244422 558
255391 559
15146 560
255616 561
15148 562
14668 563
14669 564
14666 565
253563 566
235086 567
234088 568
244421 569
11919 570
255135 571
8868 572
21989 573
253433 574
8666 575
256399 576
256763 577
256762 578
21654 579
256387 580
14035 581
19758 582
56523 583
555 584
6641 585
14082 586
7803 587
7217 588
217095 589
253384 590
8079 591
301354 592
107856 593
264679 594
264718 595
249014 596
223572 597
13993 598
106225 599
212093 600
15180 601
599 602
257746 603
16069 604
308561 605
10014 606
250383 607
194635 608
4456 609
250381 610
14129 611
26461 612
26860 613
6403 614
251808 615
243955 616
10092 617
47602 618
29652 619
29649 620
243822 621
297811 622
241805 623
241806 624
29653 625
305846 626
247387 627
272460 628
19443 629
249251 630
297800 631
272461 632
621 633
266732 634
9750 635
107795 636
297784 637
297799 638
297798 639
260472 640
16979 641
249252 642
266733 643
625 644
266735 645
19854 646
297805 647
203506 648
266731 649
266730 650
297803 651
297802 652
266734 653
272463 654
205733 655
248485 656
194802 657
125672 658
13094 659
309719 660
191825 661
191828 662
191826 663
191829 664
195744 665
195745 666
641 667
194087 668
195657 669
195752 670
651 671
191042 672
191045 673
190999 674
123596 675
195863 676
676 677
145188 678
188174 679
188580 680
122254 681
195653 682
195650 683
195654 684
188369 685
188053 686
210673 687
210667 688
210672 689
210657 690
210665 691
254738 692
261275 693
261278 694
261276 695
261274 696
143860 697
225745 698
195039 699
154558 700
261240 701
261370 702
261371 703
134940 704
210648 705
261372 706
210646 707
261210 708
261206 709
225743 710
225744 711
261195 712
261213 713
210685 714
261191 715
261217 716
210690 717
210686 718
187281 719
261201 720
261214 721
210687 722
225812 723
261192 724
225810 725
210689 726
210684 727
225808 728
225811 729
225809 730
192114 731
210683 732
187423 733
144299 734
123474 735
64700 736
210692 737
210694 738
210695 739
64699 740
210691 741
192149 742
187422 743
210693 744
261207 745
261203 746
261211 747
156986 748
185737 749
224897 750
225832 751
225831 752
187424 753
224654 754
224655 755
210716 756
210715 757
234223 758
156987 759
225815 760
5593 761
261266 762
33918 763
234221 764
231463 765
261262 766
261264 767
156803 768
225494 769
260118 770
232769 771
231180 772
240987 773
157243 774
735 775
187092 776
156929 777
156932 778
186998 779
234222 780
261182 781
261184 782
134760 783
225144 784
261183 785
261170 786
261169 787
261187 788
143785 789
210710 790
210709 791
261162 792
261167 793
261380 794
261382 795
230862 796
230861 797
224623 798
143857 799
187216 800
143935 801
210641 802
195050 803
210640 804
253935 805
261279 806
225791 807
228617 808
143881 809
187215 810
143882 811
244335 812
228915 813
244331 814
225792 815
244333 816
244334 817
225793 818
244336 819
244332 820
187212 821
225790 822
34121 823
210704 824
210703 825
187275 826
187279 827
210705 828
187277 829
261247 830
307258 831
143859 832
307259 833
307257 834
307261 835
307260 836
231799 837
155866 838
231798 839
144268 840
210712 841
244893 842
244892 843
225820 844
225821 845
261242 846
225822 847
261246 848
261245 849
244324 850
261250 851
261241 852
225798 853
225800 854
143635 855
143579 856
261384 857
5544 858
231299 859
231277 860
261378 861
261347 862
187421 863
210650 864
143218 865
192037 866
64717 867
261295 868
228457 869
261323 870
261298 871
233154 872
156132 873
156131 874
156128 875
142700 876
261272 877
264099 878
73232 879
147159 880
243544 881
192136 882
210677 883
228983 884
205631 885
155998 886
254157 887
211972 888
144643 889
225508 890
135208 891
143861 892
143872 893
143862 894
231276 895
153541 896
234224 897
234227 898
155791 899
234226 900
155751 901
272299 902
234229 903
234228 904
234260 905
134613 906
5594 907
234233 908
234234 909
234235 910
234242 911
234240 912
234241 913
234230 914
234231 915
234236 916
234237 917
261270 918
225789 919
225805 920
225806 921
225807 922
143877 923
254829 924
254831 925
157775 926
29614 927
188962 928
188824 929
771 930
18454 931
303177 932
245583 933
105545 934
185855 935
25642 936
271981 937
156963 938
8017 939
218149 940
5643 941
776 942
188819 943
155727 944
133453 945
766 946
188963 947
187619 948
188810 949
123052 950
14963 951
158151 952
247384 953
188821 954
232706 955
219041 956
193507 957
195426 958
4457 959
226905 960
193508 961
220915 962
236802 963
241052 964
247385 965
219037 966
300596 967
291285 968
18347 969
144191 970
144192 971
309481 972
188838 973
190408 974
189760 975
28328 976
106562 977
188972 978
188832 979
4598 980
267557 981
219565 982
274484 983
188823 984
195977 985
188977 986
792 987
106405 988
5649 989
295941 990
5636 991
5560 992
188974 993
156710 994
235847 995
5630 996
145018 997
192813 998
5648 999
5646 1000
107605 1001
107606 1002
186435 1003
245124 1004
188836 1005
188981 1006
236015 1007
244281 1008
189013 1009
233134 1010
235776 1011
106091 1012
188816 1013
188966 1014
221753 1015
188812 1016
5647 1017
243221 1018
192756 1019
188985 1020
188983 1021
179949 1022
188814 1023
188213 1024
235965 1025
69697 1026
240578 1027
245278 1028
33897 1029
33904 1030
785 1031
187603 1032
188834 1033
188835 1034
299252 1035
179964 1036
237451 1037
43370 1038
195568 1039
790 1040
263119 1041
263120 1042
263121 1043
263124 1044
263125 1045
16410 1046
186427 1047
18388 1048
18657 1049
188813 1050
107828 1051
757 1052
135187 1053
135188 1054
157665 1055
1961 1056
1958 1057
302750 1058
192153 1059
4310 1060
41271 1061
4328 1062
14740 1063
4332 1064
54653 1065
14738 1066
4311 1067
41277 1068
6401 1069
41278 1070
13482 1071
4329 1072
4322 1073
4334 1074
20111 1075
143217 1076
4313 1077
4333 1078
305834 1079
303732 1080
194691 1081
274392 1082
214294 1083
308623 1084
244342 1085
127450 1086
241657 1087
207552 1088
267292 1089
307291 1090
304350 1091
25783 1092
204753 1093
230090 1094
106368 1095
290876 1096
13133 1097
250626 1098
251439 1099
13131 1100
13136 1101
212287 1102
33309 1103
252460 1104
256222 1105
223490 1106
9547 1107
251448 1108
303236 1109
256945 1110
211825 1111
251724 1112
193054 1113
40035 1114
1666 1115
250794 1116
26316 1117
250909 1118
9701 1119
10244 1120
26317 1121
26315 1122
250913 1123
18662 1124
18667 1125
265765 1126
18674 1127
251441 1128
9702 1129
291256 1130
262893 1131
247953 1132
1650 1133
1653 1134
251681 1135
31191 1136
21777 1137
209556 1138
1657 1139
290061 1140
257792 1141
30603 1142
45523 1143
188986 1144
1669 1145
46120 1146
19019 1147
53551 1148
54048 1149
53585 1150
53561 1151
53149 1152
53150 1153
53151 1154
53559 1155
53569 1156
53084 1157
53583 1158
53558 1159
53584 1160
58964 1161
53560 1162
54052 1163
19412 1164
53557 1165
54051 1166
53106 1167
53107 1168
53555 1169
53108 1170
53571 1171
53568 1172
54053 1173
54047 1174
53586 1175
54050 1176
46143 1177
19308 1178
52689 1179
52101 1180
19305 1181
46146 1182
225694 1183
46152 1184
46148 1185
46150 1186
253392 1187
11294 1188
43348 1189
143318 1190
64491 1191
43963 1192
19619 1193
12932 1194
214730 1195
12814 1196
55006 1197
55227 1198
305516 1199
49502 1200
19615 1201
45807 1202
12929 1203
12931 1204
54996 1205
54997 1206
31938 1207
56474 1208
47139 1209
54453 1210
54452 1211
54998 1212
54993 1213
143265 1214
46403 1215
12945 1216
263434 1217
1731 1218
46406 1219
225177 1220
31874 1221
20571 1222
252765 1223
52791 1224
52794 1225
52838 1226
52811 1227
52793 1228
52820 1229
52792 1230
52825 1231
193765 1232
52705 1233
249356 1234
43898 1235
19650 1236
1690 1237
13245 1238
54418 1239
210303 1240
300610 1241
300608 1242
234707 1243
299328 1244
19637 1245
47307 1246
19631 1247
19623 1248
1737 1249
55004 1250
19626 1251
20525 1252
12879 1253
19721 1254
19632 1255
49909 1256
305686 1257
55007 1258
19628 1259
19620 1260
298021 1261
19642 1262
19644 1263
19720 1264
42091 1265
57354 1266
57355 1267
57356 1268
57357 1269
12889 1270
57359 1271
108441 1272
57358 1273
143262 1274
19643 1275
269298 1276
42572 1277
64539 1278
64541 1279
19715 1280
19726 1281
64298 1282
64300 1283
19718 1284
51948 1285
64386 1286
64380 1287
64388 1288
19714 1289
19722 1290
64384 1291
1726 1292
19716 1293
64246 1294
19724 1295
19711 1296
19712 1297
19713 1298
19717 1299
64245 1300
64244 1301
64301 1302
64381 1303
64391 1304
291986 1305
64299 1306
64302 1307
64303 1308
64540 1309
64423 1310
291984 1311
73129 1312
13376 1313
13060 1314
122619 1315
122557 1316
10465 1317
1711 1318
13383 1319
13241 1320
54695 1321
55330 1322
12863 1323
55178 1324
19696 1325
19695 1326
187503 1327
61391 1328
54455 1329
19698 1330
19697 1331
157708 1332
1694 1333
19658 1334
32248 1335
32250 1336
65520 1337
65458 1338
65361 1339
65454 1340
19674 1341
19706 1342
19672 1343
19678 1344
55332 1345
65419 1346
19668 1347
1720 1348
247974 1349
19705 1350
19708 1351
194624 1352
147042 1353
1703 1354
133646 1355
1709 1356
65359 1357
65418 1358
19709 1359
19710 1360
19707 1361
65417 1362
19728 1363
19606 1364
19608 1365
195499 1366
19680 1367
143256 1368
58909 1369
1679 1370
252455 1371
12867 1372
19684 1373
19686 1374
227035 1375
54054 1376
58905 1377
58906 1378
252510 1379
49162 1380
55201 1381
211460 1382
19727 1383
19656 1384
12947 1385
1713 1386
19688 1387
1715 1388
1714 1389
12946 1390
53556 1391
19691 1392
19694 1393
19654 1394
54068 1395
298548 1396
299961 1397
252308 1398
299353 1399
297318 1400
55329 1401
19663 1402
19657 1403
292152 1404
49897 1405
55331 1406
57049 1407
57048 1408
19661 1409
19662 1410
54186 1411
54141 1412
54140 1413
19617 1414
54143 1415
19618 1416
54159 1417
54042 1418
123699 1419
220043 1420
127166 1421
23815 1422
8834 1423
16301 1424
1750 1425
1749 1426
17172 1427
32490 1428
5665 1429
5669 1430
32283 1431
32299 1432
32576 1433
32412 1434
301163 1435
7893 1436
5693 1437
5678 1438
224561 1439
32422 1440
32380 1441
32453 1442
32262 1443
1784 1444
1928 1445
32265 1446
1783 1447
4431 1448
32264 1449
32537 1450
5696 1451
32549 1452
5682 1453
5683 1454
32448 1455
1777 1456
32135 1457
1764 1458
32327 1459
33938 1460
32308 1461
32311 1462
32307 1463
32143 1464
32461 1465
32463 1466
5680 1467
217856 1468
13879 1469
1782 1470
32042 1471
243016 1472
98708 1473
15020 1474
98676 1475
98679 1476
98678 1477
230820 1478
214944 1479
1772 1480
31764 1481
4634 1482
13935 1483
13173 1484
14980 1485
13176 1486
13174 1487
14897 1488
1767 1489
14896 1490
13177 1491
14901 1492
15108 1493
18160 1494
17203 1495
17017 1496
98714 1497
17021 1498
17020 1499
98723 1500
13098 1501
203677 1502
18162 1503
13101 1504
226987 1505
215592 1506
131583 1507
17195 1508
14975 1509
1769 1510
13086 1511
12019 1512
228121 1513
14981 1514
14983 1515
14982 1516
14991 1517
14990 1518
14989 1519
98724 1520
32029 1521
7920 1522
21529 1523
13518 1524
13517 1525
14856 1526
1794 1527
235769 1528
36218 1529
235770 1530
13488 1531
13192 1532
13191 1533
17348 1534
17347 1535
14821 1536
1865 1537
14810 1538
204866 1539
71520 1540
17327 1541
240219 1542
223821 1543
30399 1544
30324 1545
15816 1546
22370 1547
224035 1548
203332 1549
15873 1550
223969 1551
1891 1552
69478 1553
229498 1554
229513 1555
229495 1556
12411 1557
15820 1558
1804 1559
13773 1560
107231 1561
203471 1562
5470 1563
48834 1564
28009 1565
193505 1566
195199 1567
108723 1568
1890 1569
15814 1570
13871 1571
5471 1572
13199 1573
223793 1574
223818 1575
9956 1576
6828 1577
6829 1578
13149 1579
72901 1580
22713 1581
1897 1582
72899 1583
13544 1584
7033 1585
23721 1586
22630 1587
1892 1588
187979 1589
72902 1590
1900 1591
72910 1592
1904 1593
49324 1594
254902 1595
30404 1596
30402 1597
30397 1598
30401 1599
30405 1600
190434 1601
251627 1602
22273 1603
30398 1604
13862 1605
132979 1606
30986 1607
273679 1608
13202 1609
16022 1610
211839 1611
1907 1612
60578 1613
211848 1614
256394 1615
32121 1616
30943 1617
31022 1618
30946 1619
13506 1620
25702 1621
25820 1622
203789 1623
32122 1624
29680 1625
21795 1626
759 1627
1936 1628
8009 1629
225392 1630
1935 1631
304724 1632
304275 1633
301431 1634
25751 1635
217494 1636
67915 1637
65867 1638
258136 1639
68074 1640
66343 1641
66728 1642
109182 1643
65187 1644
106042 1645
67919 1646
67902 1647
72936 1648
238032 1649
29132 1650
307033 1651
15187 1652
55170 1653
157119 1654
13826 1655
249374 1656
14757 1657
307390 1658
225067 1659
225066 1660
235192 1661
233484 1662
233476 1663
233480 1664
233481 1665
307396 1666
205026 1667
301437 1668
63563 1669
2011 1670
25142 1671
205068 1672
301438 1673
2018 1674
294423 1675
43093 1676
2054 1677
14758 1678
308566 1679
310257 1680
310255 1681
194960 1682
56019 1683
64139 1684
189484 1685
308618 1686
30086 1687
30389 1688
125998 1689
54765 1690
212180 1691
29933 1692
7019 1693
2089 1694
2082 1695
4358 1696
29828 1697
30505 1698
210041 1699
29926 1700
28984 1701
215973 1702
29937 1703
25826 1704
29938 1705
29996 1706
29995 1707
30387 1708
60143 1709
217990 1710
49543 1711
126934 1712
126932 1713
126938 1714
56865 1715
30513 1716
126930 1717
57010 1718
72889 1719
259456 1720
73161 1721
192054 1722
143472 1723
271201 1724
31018 1725
31019 1726
254179 1727
254181 1728
214450 1729
63136 1730
250852 1731
29831 1732
187730 1733
123508 1734
29840 1735
189862 1736
29841 1737
189874 1738
29839 1739
189876 1740
189873 1741
29830 1742
25794 1743
50390 1744
252092 1745
122720 1746
2105 1747
2078 1748
194823 1749
189770 1750
189771 1751
187732 1752
188689 1753
246922 1754
2103 1755
55754 1756
73165 1757
238361 1758
13705 1759
192720 1760
29936 1761
269638 1762
29934 1763
195617 1764
25848 1765
179463 1766
22712 1767
264009 1768
269717 1769
263991 1770
13704 1771
30182 1772
13703 1773
31193 1774
31024 1775
2123 1776
30503 1777
13707 1778
22013 1779
57895 1780
127333 1781
306432 1782
55999 1783
55889 1784
123534 1785
123535 1786
123367 1787
69416 1788
123236 1789
224837 1790
123332 1791
224836 1792
224840 1793
274612 1794
302018 1795
252736 1796
31021 1797
262776 1798
29928 1799
29929 1800
262800 1801
29931 1802
262791 1803
29932 1804
126138 1805
126155 1806
56960 1807
54870 1808
189553 1809
54356 1810
56135 1811
30388 1812
2165 1813
4360 1814
8242 1815
13716 1816
263345 1817
304028 1818
186433 1819
53666 1820
171312 1821
158805 1822
180827 1823
29032 1824
108237 1825
190889 1826
56919 1827
5813 1828
122992 1829
185308 1830
14761 1831
123513 1832
40407 1833
40525 1834
53662 1835
16999 1836
186176 1837
132457 1838
274047 1839
24446 1840
66901 1841
186797 1842
66902 1843
144101 1844
185493 1845
108221 1846
144102 1847
2198 1848
289610 1849
13944 1850
132461 1851
108142 1852
236234 1853
264097 1854
260252 1855
271700 1856
221289 1857
221288 1858
194849 1859
221275 1860
221274 1861
221273 1862
221259 1863
221265 1864
221266 1865
221261 1866
221260 1867
221264 1868
221741 1869
221300 1870
221296 1871
221299 1872
208053 1873
19410 1874
155782 1875
19411 1876
18519 1877
14726 1878
106021 1879
23268 1880
221247 1881
221268 1882
221269 1883
194847 1884
221256 1885
221254 1886
221249 1887
221252 1888
221251 1889
221281 1890
221280 1891
221278 1892
221279 1893
2223 1894
221246 1895
221243 1896
221248 1897
204199 1898
19840 1899
123144 1900
23002 1901
20410 1902
133058 1903
58426 1904
208207 1905
2263 1906
133034 1907
108869 1908
193616 1909
192305 1910
108868 1911
192303 1912
206808 1913
208139 1914
108870 1915
108306 1916
235563 1917
190794 1918
135424 1919
302871 1920
133061 1921
58401 1922
14732 1923
58402 1924
133062 1925
146171 1926
302873 1927
122282 1928
155877 1929
226177 1930
208165 1931
73116 1932
58425 1933
58424 1934
14731 1935
191985 1936
292998 1937
133032 1938
208190 1939
192343 1940
301073 1941
257968 1942
133030 1943
257972 1944
208149 1945
194997 1946
208146 1947
133064 1948
155801 1949
192909 1950
2269 1951
209568 1952
73115 1953
133158 1954
193623 1955
45769 1956
203956 1957
208160 1958
27803 1959
2261 1960
2253 1961
125725 1962
2250 1963
235761 1964
245699 1965
308851 1966
308501 1967
308502 1968
308498 1969
9786 1970
308367 1971
308360 1972
308362 1973
308364 1974
308363 1975
15672 1976
15673 1977
14750 1978
17009 1979
17010 1980
17012 1981
235073 1982
208595 1983
269273 1984
14749 1985
26863 1986
8784 1987
10076 1988
12142 1989
14021 1990
19166 1991
20804 1992
21056 1993
21189 1994
26867 1995
9504 1996
9849 1997
23199 1998
204360 1999
211315 2000
9954 2001
16713 2002
2365 2003
2335 2004
2356 2005
2362 2006
20635 2007
21588 2008
158068 2009
25444 2010
248772 2011
145632 2012
11597 2013
145739 2014
219830 2015
10226 2016
31941 2017
2390 2018
123393 2019
123395 2020
123384 2021
22574 2022
246272 2023
123416 2024
248351 2025
11599 2026
247329 2027
247333 2028
11598 2029
2387 2030
14734 2031
105840 2032
238571 2033
238574 2034
105956 2035
238573 2036
26410 2037
238572 2038
7864 2039
19001 2040
106353 2041
194264 2042
255827 2043
3085 2044
215806 2045
224382 2046
2414 2047
21818 2048
195946 2049
126645 2050
69095 2051
237088 2052
121076 2053
305833 2054
2428 2055
15439 2056
15243 2057
68869 2058
8388 2059
194556 2060
8480 2061
239111 2062
19739 2063
4370 2064
265180 2065
32870 2066
14007 2067
11303 2068
2499 2069
49728 2070
14152 2071
219706 2072
298950 2073
221038 2074
299902 2075
221043 2076
5492 2077
299100 2078
2471 2079
49642 2080
299067 2081
13673 2082
299072 2083
299073 2084
298639 2085
298640 2086
298645 2087
49352 2088
49658 2089
49707 2090
49718 2091
32703 2092
49257 2093
49336 2094
223963 2095
189632 2096
35597 2097
189617 2098
51385 2099
189447 2100
49346 2101
2483 2102
49248 2103
189394 2104
32619 2105
189444 2106
193277 2107
189455 2108
32427 2109
189679 2110
299412 2111
49640 2112
35598 2113
32623 2114
223998 2115
223957 2116
223961 2117
46537 2118
47825 2119
189612 2120
51588 2121
34432 2122
49177 2123
49615 2124
9863 2125
49735 2126
49964 2127
32253 2128
195389 2129
233345 2130
159287 2131
270669 2132
214856 2133
48966 2134
10484 2135
259286 2136
11289 2137
50926 2138
194281 2139
11288 2140
50519 2141
234427 2142
222496 2143
32709 2144
49259 2145
243872 2146
193184 2147
32618 2148
193185 2149
49705 2150
49258 2151
32923 2152
192994 2153
48468 2154
49777 2155
192998 2156
192997 2157
46538 2158
192991 2159
192988 2160
224696 2161
49965 2162
51011 2163
193371 2164
51394 2165
11683 2166
193229 2167
192857 2168
48971 2169
14360 2170
246082 2171
147062 2172
222426 2173
271799 2174
9973 2175
32662 2176
145954 2177
49260 2178
14285 2179
13911 2180
271286 2181
13107 2182
9658 2183
189749 2184
33960 2185
49807 2186
49793 2187
49660 2188
290419 2189
11702 2190
11287 2191
47828 2192
298794 2193
51564 2194
49262 2195
13726 2196
108595 2197
5734 2198
105747 2199
105749 2200
16289 2201
105748 2202
25011 2203
307209 2204
123192 2205
264979 2206
230442 2207
207166 2208
270639 2209
270877 2210
295414 2211
270883 2212
270879 2213
308015 2214
308589 2215
308587 2216
308588 2217
270884 2218
237321 2219
308598 2220
308591 2221
308592 2222
308594 2223
308595 2224
155935 2225
270881 2226
156043 2227
133841 2228
308597 2229
133513 2230
237322 2231
134907 2232
270882 2233
19943 2234
237323 2235
187974 2236
18870 2237
187972 2238
156329 2239
155936 2240
187934 2241
271447 2242
43365 2243
31015 2244
271444 2245
17334 2246
187340 2247
264540 2248
263802 2249
55583 2250
55725 2251
259971 2252
259941 2253
259984 2254
259942 2255
259939 2256
259829 2257
55726 2258
259920 2259
259851 2260
259852 2261
259978 2262
259977 2263
259839 2264
259987 2265
259976 2266
259986 2267
259985 2268
266666 2269
204754 2270
260392 2271
53055 2272
53036 2273
53177 2274
269399 2275
53056 2276
53169 2277
53167 2278
53172 2279
53171 2280
53062 2281
232855 2282
262002 2283
262005 2284
262003 2285
53068 2286
262004 2287
53070 2288
53103 2289
53072 2290
106425 2291
53066 2292
53045 2293
53166 2294
53178 2295
53179 2296
29799 2297
53044 2298
53046 2299
53037 2300
302908 2301
263306 2302
262115 2303
262121 2304
262132 2305
53104 2306
53061 2307
262134 2308
262138 2309
262139 2310
53180 2311
46890 2312
262143 2313
53067 2314
53039 2315
53042 2316
53105 2317
53071 2318
262161 2319
262166 2320
262165 2321
262164 2322
246610 2323
53047 2324
53181 2325
53043 2326
263725 2327
53038 2328
262346 2329
53175 2330
226900 2331
53173 2332
53040 2333
262367 2334
262368 2335
262469 2336
53174 2337
2586 2338
53176 2339
53894 2340
53041 2341
262471 2342
53057 2343
53165 2344
53164 2345
53074 2346
262496 2347
262499 2348
217353 2349
53049 2350
217352 2351
262514 2352
53060 2353
53073 2354
53065 2355
53168 2356
166634 2357
262870 2358
262872 2359
4605 2360
166619 2361
166628 2362
191582 2363
61394 2364
307468 2365
46821 2366
46566 2367
261543 2368
294858 2369
258691 2370
66086 2371
64492 2372
106015 2373
26988 2374
158269 2375
56172 2376
56173 2377
48496 2378
53005 2379
53059 2380
53058 2381
258687 2382
53069 2383
53182 2384
46401 2385
64909 2386
261644 2387
261646 2388
52610 2389
261645 2390
261643 2391
261639 2392
261640 2393
53064 2394
261642 2395
261641 2396
53063 2397
53048 2398
53918 2399
55942 2400
55943 2401
30885 2402
13563 2403
158337 2404
231753 2405
233881 2406
55945 2407
261712 2408
53170 2409
46448 2410
261766 2411
261765 2412
11319 2413
261743 2414
46567 2415
219391 2416
209352 2417
258004 2418
233649 2419
217372 2420
193302 2421
12451 2422
156159 2423
156157 2424
156158 2425
19042 2426
236607 2427
4646 2428
250893 2429
193496 2430
5440 2431
14953 2432
290542 2433
23133 2434
308108 2435
8247 2436
274221 2437
307284 2438
195582 2439
195588 2440
267807 2441
267808 2442
267814 2443
241826 2444
210611 2445
21562 2446
270046 2447
194650 2448
250458 2449
210949 2450
2665 2451
272372 2452
180857 2453
2670 2454
39659 2455
73216 2456
240069 2457
268514 2458
309424 2459
20419 2460
25401 2461
25402 2462
2766 2463
20032 2464
4436 2465
193141 2466
157943 2467
157942 2468
300681 2469
14723 2470
195498 2471
20425 2472
236912 2473
125629 2474
19409 2475
2781 2476
194109 2477
5603 2478
234100 2479
194854 2480
194795 2481
25160 2482
126644 2483
247881 2484
4658 2485
194678 2486
208459 2487
2824 2488
207330 2489
31987 2490
13138 2491
207319 2492
193096 2493
303669 2494
68853 2495
126513 2496
125849 2497
126409 2498
210405 2499
253893 2500
126385 2501
132926 2502
125719 2503
25300 2504
126312 2505
127074 2506
301282 2507
222066 2508
249099 2509
126410 2510
125391 2511
126263 2512
126265 2513
126267 2514
125395 2515
125397 2516
123598 2517
123597 2518
126320 2519
126462 2520
126296 2521
126422 2522
257488 2523
105661 2524
126467 2525
37671 2526
56938 2527
26144 2528
26177 2529
261571 2530
56211 2531
3091 2532
203597 2533
57391 2534
189969 2535
269262 2536
54065 2537
8981 2538
16675 2539
295922 2540
56770 2541
56217 2542
56313 2543
3097 2544
191526 2545
193193 2546
191524 2547
295026 2548
190976 2549
291855 2550
267420 2551
247245 2552
309740 2553
125864 2554
126610 2555
227782 2556
11541 2557
204338 2558
109709 2559
122507 2560
68258 2561
203254 2562
298414 2563
72812 2564
235458 2565
31944 2566
195575 2567
123302 2568
53316 2569
49988 2570
51940 2571
67694 2572
67561 2573
67693 2574
65682 2575
259366 2576
65679 2577
238480 2578
223465 2579
241731 2580
222257 2581
250444 2582
65680 2583
108624 2584
16471 2585
122488 2586
122489 2587
238771 2588
253171 2589
122480 2590
123303 2591
31943 2592
208891 2593
68275 2594
248626 2595
132416 2596
266146 2597
272102 2598
11549 2599
46501 2600
134862 2601
108445 2602
21689 2603
38283 2604
10578 2605
9550 2606
8777 2607
8248 2608
256341 2609
3179 2610
214945 2611
10605 2612
13582 2613
14289 2614
10634 2615
14656 2616
13604 2617
61398 2618
13119 2619
60459 2620
60460 2621
60461 2622
60458 2623
10661 2624
60457 2625
60456 2626
274528 2627
14292 2628
10654 2629
29700 2630
10482 2631
10621 2632
33310 2633
297220 2634
13114 2635
158988 2636
12006 2637
12004 2638
3204 2639
10030 2640
12005 2641
3161 2642
13624 2643
13628 2644
145272 2645
13631 2646
237531 2647
3191 2648
13629 2649
13603 2650
13590 2651
10670 2652
10006 2653
21979 2654
14290 2655
3203 2656
14291 2657
3162 2658
295731 2659
11099 2660
13117 2661
13592 2662
13118 2663
61195 2664
13116 2665
122683 2666
191763 2667
3214 2668
193373 2669
191684 2670
56576 2671
191735 2672
55724 2673
188640 2674
134447 2675
133282 2676
188954 2677
191687 2678
188641 2679
188630 2680
246005 2681
191395 2682
193541 2683
193539 2684
193542 2685
193536 2686
191624 2687
193534 2688
28873 2689
193533 2690
191736 2691
157758 2692
122696 2693
133274 2694
3225 2695
134061 2696
123301 2697
193529 2698
134093 2699
134082 2700
257188 2701
127199 2702
3233 2703
134090 2704
133978 2705
191360 2706
107785 2707
7777 2708
3207 2709
29174 2710
3210 2711
29367 2712
108420 2713
253085 2714
131012 2715
68879 2716
253343 2717
191685 2718
253380 2719
253385 2720
134414 2721
122630 2722
253383 2723
23617 2724
253342 2725
134445 2726
191363 2727
11336 2728
68485 2729
188888 2730
56467 2731
193544 2732
122692 2733
245460 2734
11335 2735
131013 2736
133989 2737
253083 2738
253084 2739
31993 2740
3241 2741
209939 2742
210348 2743
8300 2744
14759 2745
14729 2746
22762 2747
14724 2748
204689 2749
308064 2750
3250 2751
30671 2752
291676 2753
269829 2754
28821 2755
50947 2756
14736 2757
844 2758
860 2759
868 2760
1390 2761
878 2762
882 2763
912 2764
880 2765
980 2766
932 2767
194318 2768
1005 2769
44345 2770
990 2771
1004 2772
1142 2773
927 2774
946 2775
942 2776
38627 2777
956 2778
950 2779
192271 2780
1047 2781
1038 2782
11525 2783
1109 2784
931 2785
1115 2786
191178 2787
896 2788
1212 2789
1210 2790
848 2791
11932 2792
227067 2793
1201 2794
1037 2795
143866 2796
1264 2797
1275 2798
1297 2799
888 2800
1309 2801
294675 2802
295237 2803
1183 2804
1071 2805
240845 2806
1077 2807
1327 2808
240993 2809
966 2810
965 2811
191309 2812
1418 2813
4855 2814
290246 2815
4422 2816
290249 2817
12526 2818
1516 2819
295926 2820
4572 2821
1521 2822
1590 2823
4911 2824
300659 2825
4958 2826
17876 2827
5075 2828
5186 2829
4789 2830
66764 2831
265181 2832
294672 2833
4962 2834
241810 2835
300672 2836
5182 2837
20098 2838
271143 2839
271948 2840
271315 2841
17830 2842
31387 2843
65563 2844
198401 2845
198846 2846
198670 2847
202930 2848
196395 2849
196637 2850
202568 2851
196331 2852
68703 2853
198096 2854
199753 2855
201976 2856
199761 2857
200379 2858
200516 2859
200578 2860
199599 2861
72163 2862
71871 2863
72178 2864
71872 2865
72176 2866
71874 2867
69867 2868
72252 2869
71866 2870
71875 2871
71868 2872
71867 2873
72250 2874
71879 2875
72251 2876
71865 2877
71878 2878
71877 2879
69866 2880
71876 2881
44341 2882
71855 2883
72248 2884
71857 2885
44342 2886
44089 2887
45889 2888
50721 2889
3294 2890
71856 2891
72246 2892
70866 2893
70700 2894
70686 2895
72236 2896
70482 2897
69863 2898
70668 2899
70699 2900
72184 2901
72239 2902
70669 2903
51703 2904
70687 2905
69849 2906
72169 2907
72168 2908
70490 2909
72235 2910
70860 2911
72183 2912
71859 2913
70861 2914
69851 2915
63240 2916
70670 2917
72240 2918
69862 2919
310536 2920
72237 2921
70859 2922
70491 2923
69868 2924
70858 2925
72238 2926
70698 2927
53030 2928
44145 2929
46995 2930
62621 2931
69864 2932
55705 2933
72175 2934
69846 2935
69865 2936
72166 2937
50944 2938
62904 2939
69844 2940
69843 2941
69861 2942
63234 2943
69857 2944
69858 2945
51916 2946
69859 2947
72172 2948
63415 2949
69856 2950
69852 2951
72173 2952
69855 2953
69850 2954
69853 2955
69854 2956
69847 2957
42611 2958
69848 2959
72170 2960
310534 2961
72174 2962
70489 2963
46155 2964
50875 2965
70683 2966
46998 2967
62505 2968
62898 2969
72199 2970
70862 2971
72181 2972
72245 2973
72241 2974
62519 2975
70697 2976
72244 2977
70692 2978
70863 2979
70864 2980
70694 2981
70695 2982
50738 2983
62815 2984
70481 2985
72179 2986
70479 2987
70483 2988
70480 2989
70485 2990
72180 2991
51914 2992
51915 2993
70674 2994
70673 2995
70675 2996
72197 2997
70676 2998
72201 2999
70684 3000
51917 3001
51918 3002
72182 3003
70487 3004
51913 3005
70484 3006
72198 3007
70678 3008
70671 3009
70677 3010
72242 3011
70681 3012
70680 3013
72243 3014
70696 3015
70679 3016
51562 3017
50943 3018
63419 3019
69860 3020
72249 3021
71869 3022
71870 3023
310526 3024
310527 3025
55309 3026
310528 3027
55310 3028
72177 3029
72427 3030
310532 3031
54707 3032
9533 3033
3300 3034
3297 3035
33218 3036
44721 3037
53357 3038
43065 3039
43524 3040
43525 3041
43526 3042
44256 3043
47905 3044
50599 3045
50602 3046
50603 3047
50604 3048
50605 3049
42490 3050
50606 3051
72580 3052
50600 3053
19006 3054
50601 3055
50686 3056
52112 3057
45056 3058
52997 3059
72581 3060
52998 3061
50687 3062
52426 3063
53355 3064
49704 3065
45215 3066
72828 3067
72937 3068
3338 3069
48659 3070
49376 3071
72874 3072
40951 3073
72966 3074
51697 3075
53340 3076
19917 3077
72804 3078
67619 3079
72761 3080
72662 3081
19005 3082
63230 3083
44096 3084
45211 3085
53444 3086
56110 3087
28230 3088
46979 3089
54703 3090
51516 3091
48351 3092
48350 3093
61478 3094
54714 3095
55935 3096
52991 3097
31948 3098
31949 3099
51317 3100
55444 3101
132673 3102
44352 3103
44094 3104
132846 3105
47211 3106
132669 3107
47683 3108
48640 3109
132674 3110
54111 3111
47721 3112
51421 3113
51559 3114
132670 3115
132844 3116
47158 3117
41604 3118
49674 3119
41590 3120
132672 3121
132848 3122
131560 3123
131555 3124
131702 3125
131652 3126
131554 3127
131703 3128
106990 3129
107019 3130
28772 3131
44778 3132
107021 3133
106966 3134
51557 3135
107059 3136
42867 3137
44148 3138
45884 3139
68998 3140
68999 3141
36469 3142
106175 3143
38600 3144
36788 3145
36539 3146
62540 3147
106235 3148
105917 3149
62563 3150
205801 3151
106234 3152
39967 3153
105951 3154
39680 3155
105918 3156
105919 3157
49565 3158
49750 3159
310793 3160
73193 3161
73187 3162
310797 3163
310792 3164
310822 3165
310842 3166
310816 3167
67939 3168
52021 3169
310787 3170
52026 3171
52131 3172
3364 3173
188558 3174
310774 3175
310777 3176
310776 3177
44700 3178
73139 3179
310819 3180
55132 3181
67938 3182
310783 3183
73140 3184
310845 3185
50595 3186
50596 3187
73143 3188
73209 3189
310825 3190
310711 3191
43007 3192
310710 3193
310844 3194
52633 3195
73087 3196
73207 3197
310779 3198
73206 3199
310803 3200
310804 3201
310812 3202
53482 3203
310818 3204
310841 3205
310815 3206
56057 3207
53204 3208
54110 3209
3370 3210
35509 3211
189710 3212
50639 3213
44261 3214
188917 3215
55692 3216
40848 3217
36053 3218
36190 3219
48375 3220
51186 3221
11013 3222
189502 3223
189503 3224
36257 3225
36338 3226
36341 3227
36312 3228
51275 3229
56662 3230
52572 3231
189711 3232
46158 3233
52458 3234
130893 3235
50876 3236
130453 3237
42930 3238
34019 3239
34115 3240
34114 3241
187239 3242
50945 3243
34276 3244
47195 3245
58859 3246
34334 3247
41052 3248
52082 3249
42656 3250
47027 3251
3319 3252
8448 3253
10293 3254
3391 3255
51005 3256
30134 3257
52617 3258
62550 3259
33629 3260
49694 3261
52148 3262
28345 3263
45867 3264
76039 3265
210696 3266
8237 3267
76963 3268
76998 3269
77094 3270
77071 3271
209966 3272
78853 3273
3480 3274
78886 3275
3465 3276
210071 3277
31894 3278
210205 3279
80486 3280
212128 3281
80410 3282
80162 3283
80219 3284
80302 3285
80318 3286
80696 3287
80683 3288
79851 3289
80288 3290
80444 3291
80521 3292
80685 3293
218139 3294
80151 3295
80169 3296
218772 3297
203690 3298
80292 3299
219890 3300
79873 3301
80547 3302
80016 3303
219079 3304
220745 3305
212173 3306
81055 3307
81411 3308
219856 3309
220968 3310
220971 3311
209356 3312
83106 3313
212954 3314
83435 3315
83452 3316
215476 3317
212233 3318
4454 3319
25469 3320
25468 3321
203943 3322
208851 3323
28439 3324
217846 3325
86875 3326
215119 3327
215352 3328
3527 3329
86828 3330
87215 3331
87298 3332
211191 3333
89341 3334
16939 3335
211264 3336
89278 3337
88513 3338
88864 3339
88694 3340
89394 3341
89447 3342
88806 3343
87939 3344
205196 3345
219747 3346
220098 3347
220097 3348
91141 3349
73296 3350
91927 3351
215726 3352
91792 3353
210847 3354
80363 3355
227821 3356
3571 3357
97230 3358
97358 3359
208980 3360
97500 3361
97439 3362
98112 3363
97887 3364
98365 3365
98393 3366
227939 3367
220533 3368
109756 3369
109958 3370
5993 3371
110324 3372
110434 3373
110377 3374
110030 3375
110429 3376
110597 3377
69040 3378
109861 3379
109880 3380
110090 3381
110416 3382
110445 3383
110013 3384
110028 3385
133856 3386
110084 3387
254258 3388
309368 3389
8757 3390
109911 3391
110188 3392
133347 3393
110305 3394
273844 3395
30278 3396
6040 3397
133671 3398
6033 3399
6039 3400
110927 3401
110928 3402
110929 3403
111337 3404
111102 3405
111420 3406
111167 3407
6086 3408
134573 3409
111335 3410
159279 3411
111853 3412
111540 3413
111598 3414
10698 3415
219462 3416
3605 3417
107381 3418
111417 3419
65500 3420
111836 3421
111076 3422
111567 3423
225244 3424
133348 3425
111074 3426
111434 3427
111569 3428
111626 3429
111285 3430
111355 3431
111408 3432
111217 3433
111444 3434
111736 3435
159280 3436
159330 3437
111446 3438
111565 3439
111637 3440
111689 3441
111744 3442
112069 3443
112197 3444
112134 3445
112391 3446
112384 3447
112427 3448
112392 3449
159333 3450
112381 3451
112394 3452
112482 3453
69055 3454
112596 3455
112609 3456
112713 3457
112719 3458
158437 3459
112738 3460
112672 3461
159331 3462
112799 3463
134314 3464
112819 3465
159268 3466
112938 3467
112942 3468
112933 3469
6116 3470
123027 3471
112897 3472
113034 3473
113065 3474
113148 3475
112898 3476
6119 3477
6121 3478
6120 3479
159281 3480
112928 3481
112959 3482
113105 3483
122873 3484
112953 3485
113004 3486
113108 3487
159126 3488
113046 3489
113062 3490
112884 3491
112910 3492
112878 3493
133351 3494
112946 3495
112958 3496
112963 3497
112969 3498
112976 3499
112995 3500
112996 3501
112999 3502
113015 3503
113019 3504
113025 3505
113029 3506
113035 3507
113043 3508
113061 3509
113066 3510
113088 3511
113113 3512
113118 3513
113129 3514
113138 3515
133352 3516
112978 3517
113115 3518
133353 3519
113016 3520
159314 3521
6207 3522
6206 3523
113246 3524
113247 3525
113248 3526
113252 3527
113391 3528
113593 3529
8773 3530
133386 3531
113300 3532
113323 3533
113327 3534
225296 3535
113336 3536
214678 3537
113344 3538
159284 3539
113370 3540
113384 3541
133922 3542
113473 3543
159283 3544
113516 3545
113530 3546
113536 3547
214676 3548
113414 3549
13873 3550
214672 3551
26628 3552
159282 3553
113547 3554
159315 3555
134320 3556
25161 3557
113620 3558
159385 3559
133854 3560
113347 3561
214884 3562
113574 3563
113588 3564
113312 3565
113529 3566
159316 3567
113635 3568
113680 3569
133901 3570
113720 3571
6208 3572
243014 3573
159321 3574
133361 3575
113908 3576
113948 3577
69276 3578
113782 3579
133356 3580
113762 3581
133358 3582
134339 3583
10781 3584
114442 3585
114485 3586
159322 3587
3642 3588
159323 3589
6211 3590
159334 3591
114422 3592
114525 3593
133362 3594
114537 3595
114555 3596
114532 3597
134199 3598
144324 3599
114530 3600
114535 3601
114544 3602
114547 3603
114548 3604
114551 3605
6226 3606
6233 3607
6280 3608
69325 3609
6237 3610
6260 3611
114691 3612
6276 3613
114731 3614
114744 3615
114749 3616
114701 3617
114754 3618
114853 3619
114644 3620
114645 3621
114646 3622
114660 3623
114668 3624
114722 3625
114720 3626
114732 3627
114742 3628
114743 3629
6282 3630
114778 3631
3645 3632
134340 3633
66715 3634
134341 3635
134150 3636
114657 3637
114768 3638
114927 3639
115010 3640
114858 3641
115016 3642
159325 3643
159326 3644
159324 3645
7745 3646
47634 3647
115332 3648
47633 3649
8684 3650
8983 3651
69330 3652
115485 3653
115488 3654
69336 3655
11926 3656
115541 3657
23533 3658
115451 3659
115619 3660
115457 3661
115514 3662
115617 3663
115558 3664
115479 3665
115561 3666
115632 3667
115700 3668
134342 3669
115858 3670
5934 3671
115727 3672
115764 3673
115789 3674
115801 3675
260349 3676
115819 3677
115825 3678
115826 3679
115837 3680
115839 3681
115843 3682
115852 3683
115912 3684
115916 3685
115947 3686
115949 3687
115952 3688
115960 3689
116005 3690
115714 3691
115780 3692
115884 3693
159307 3694
115965 3695
115977 3696
115877 3697
115880 3698
159310 3699
115932 3700
115736 3701
159332 3702
115834 3703
116274 3704
116294 3705
116246 3706
116177 3707
116178 3708
116179 3709
116180 3710
116181 3711
116182 3712
116183 3713
116184 3714
116186 3715
116188 3716
116190 3717
116191 3718
116192 3719
116193 3720
116194 3721
116195 3722
116196 3723
116197 3724
116198 3725
116199 3726
116200 3727
116201 3728
116202 3729
116217 3730
116218 3731
116244 3732
116250 3733
116231 3734
116256 3735
116276 3736
116258 3737
116261 3738
116264 3739
116272 3740
116300 3741
116213 3742
116224 3743
116252 3744
116373 3745
116333 3746
116353 3747
116365 3748
116380 3749
116329 3750
116457 3751
265426 3752
116708 3753
116710 3754
116734 3755
116950 3756
116973 3757
116986 3758
117021 3759
117027 3760
117143 3761
116967 3762
116462 3763
116590 3764
116645 3765
116702 3766
116712 3767
116723 3768
117005 3769
117007 3770
117028 3771
117055 3772
117193 3773
117356 3774
117367 3775
117409 3776
116455 3777
116410 3778
116432 3779
116438 3780
116464 3781
116485 3782
116498 3783
116515 3784
116522 3785
116622 3786
116638 3787
116690 3788
116707 3789
116761 3790
116785 3791
159327 3792
116790 3793
116807 3794
116822 3795
116847 3796
116875 3797
116886 3798
116911 3799
116924 3800
116946 3801
116974 3802
5982 3803
68449 3804
3656 3805
68451 3806
134143 3807
68450 3808
8696 3809
117009 3810
5921 3811
117080 3812
117108 3813
117129 3814
134368 3815
117197 3816
117387 3817
117397 3818
159141 3819
117413 3820
117441 3821
117500 3822
117454 3823
16842 3824
8702 3825
117462 3826
9738 3827
17456 3828
23207 3829
117799 3830
3690 3831
14909 3832
158691 3833
117733 3834
117677 3835
117702 3836
117724 3837
117764 3838
117772 3839
117983 3840
117808 3841
117734 3842
117782 3843
133366 3844
117826 3845
69348 3846
117740 3847
117892 3848
117656 3849
117672 3850
117685 3851
117688 3852
117691 3853
117700 3854
117701 3855
117770 3856
117776 3857
117790 3858
117813 3859
117842 3860
117878 3861
117914 3862
117728 3863
117879 3864
117824 3865
117847 3866
117848 3867
133902 3868
117798 3869
3589 3870
258876 3871
118039 3872
118181 3873
118239 3874
118240 3875
118241 3876
118243 3877
118244 3878
118245 3879
118250 3880
118257 3881
118258 3882
118290 3883
25975 3884
159142 3885
118362 3886
133377 3887
133375 3888
118396 3889
133376 3890
158692 3891
118359 3892
134343 3893
159328 3894
118450 3895
118614 3896
118797 3897
118549 3898
118615 3899
118823 3900
118451 3901
118504 3902
118546 3903
118553 3904
118631 3905
118645 3906
133855 3907
159380 3908
118459 3909
118534 3910
159130 3911
118587 3912
118577 3913
118444 3914
159311 3915
159381 3916
118561 3917
30136 3918
118572 3919
118573 3920
118607 3921
134344 3922
158865 3923
118461 3924
20090 3925
5992 3926
119082 3927
159329 3928
3673 3929
119501 3930
119662 3931
26233 3932
27592 3933
119710 3934
228843 3935
120139 3936
119412 3937
119491 3938
119611 3939
119956 3940
119368 3941
119768 3942
134145 3943
119830 3944
120126 3945
5966 3946
119423 3947
119426 3948
119436 3949
10556 3950
119467 3951
119547 3952
119599 3953
119601 3954
119637 3955
134144 3956
119779 3957
119451 3958
29491 3959
119955 3960
119960 3961
120107 3962
120115 3963
119415 3964
119418 3965
119471 3966
119476 3967
119575 3968
119628 3969
119638 3970
119773 3971
119945 3972
119975 3973
120120 3974
120143 3975
26810 3976
67766 3977
120474 3978
120567 3979
120660 3980
120749 3981
120845 3982
67808 3983
120835 3984
133379 3985
133148 3986
6788 3987
213269 3988
6816 3989
23341 3990
23342 3991
205644 3992
11712 3993
4576 3994
11896 3995
23750 3996
29587 3997
4565 3998
253331 3999
6790 4000
6817 4001
106363 4002
213286 4003
243889 4004
23093 4005
6783 4006
29586 4007
6346 4008
9660 4009
23095 4010
27960 4011
213287 4012
6865 4013
193458 4014
247029 4015
131373 4016
3702 4017
3707 4018
23091 4019
23092 4020
222018 4021
23749 4022
23478 4023
10555 4024
215950 4025
23306 4026
209156 4027
6792 4028
6786 4029
21607 4030
3708 4031
221088 4032
11713 4033
18296 4034
18304 4035
6749 4036
8867 4037
11211 4038
244874 4039
26818 4040
8444 4041
8880 4042
67399 4043
72539 4044
72538 4045
72004 4046
11763 4047
17774 4048
72216 4049
72005 4050
72036 4051
9752 4052
138571 4053
140326 4054
45380 4055
139696 4056
137840 4057
137124 4058
136443 4059
141067 4060
135506 4061
135583 4062
135674 4063
135842 4064
136615 4065
136915 4066
137106 4067
137183 4068
137233 4069
137360 4070
137872 4071
138066 4072
138391 4073
138592 4074
138594 4075
138597 4076
139619 4077
140432 4078
140526 4079
45480 4080
45481 4081
45465 4082
138348 4083
140145 4084
136808 4085
141264 4086
140921 4087
138373 4088
139629 4089
135664 4090
138994 4091
45616 4092
62267 4093
45615 4094
140984 4095
135981 4096
138704 4097
140574 4098
137458 4099
45619 4100
3745 4101
136626 4102
45743 4103
3748 4104
45667 4105
135813 4106
135936 4107
137579 4108
137796 4109
138631 4110
139163 4111
139889 4112
140361 4113
135814 4114
141868 4115
142001 4116
135812 4117
137907 4118
6197 4119
3786 4120
6201 4121
6198 4122
6199 4123
6501 4124
6502 4125
3802 4126
6164 4127
6246 4128
6560 4129
6169 4130
6079 4131
191956 4132
5925 4133
5938 4134
6183 4135
5937 4136
6035 4137
6186 4138
6187 4139
3773 4140
144240 4141
6278 4142
6355 4143
5928 4144
53279 4145
5926 4146
211817 4147
3788 4148
5929 4149
3787 4150
6045 4151
189747 4152
6369 4153
6375 4154
6484 4155
5939 4156
3798 4157
3780 4158
7360 4159
5940 4160
5941 4161
6283 4162
6335 4163
6520 4164
3784 4165
6101 4166
5927 4167
3806 4168
3775 4169
6286 4170
193451 4171
3791 4172
6305 4173
6076 4174
3782 4175
6163 4176
6636 4177
7196 4178
6166 4179
153505 4180
6168 4181
209598 4182
6586 4183
6587 4184
6590 4185
5945 4186
6613 4187
6602 4188
6582 4189
5947 4190
5949 4191
6592 4192
3793 4193
192814 4194
6589 4195
6615 4196
5950 4197
43638 4198
42690 4199
13818 4200
249997 4201
33585 4202
5968 4203
5971 4204
15271 4205
215118 4206
7173 4207
6844 4208
16926 4209
123752 4210
125525 4211
123769 4212
253232 4213
127384 4214
11628 4215
208073 4216
225391 4217
127386 4218
237450 4219
125668 4220
125059 4221
125871 4222
127182 4223
125494 4224
125433 4225
204959 4226
127385 4227
43901 4228
43949 4229
44232 4230
164090 4231
161258 4232
5866 4233
163777 4234
6855 4235
164091 4236
164410 4237
160958 4238
240684 4239
164404 4240
63374 4241
131502 4242
160484 4243
161833 4244
159819 4245
161573 4246
162588 4247
162903 4248
166261 4249
164418 4250
241177 4251
195602 4252
64434 4253
64435 4254
228113 4255
64436 4256
64437 4257
3892 4258
60981 4259
65278 4260
65279 4261
65280 4262
62866 4263
61435 4264
61449 4265
65281 4266
62868 4267
62869 4268
62871 4269
61555 4270
29591 4271
61596 4272
61542 4273
61543 4274
61544 4275
64439 4276
61854 4277
65258 4278
64440 4279
40803 4280
5964 4281
40902 4282
226160 4283
62278 4284
41183 4285
36688 4286
41447 4287
41450 4288
41451 4289
41452 4290
41453 4291
41454 4292
41465 4293
41467 4294
41471 4295
41472 4296
41688 4297
64442 4298
60784 4299
60785 4300
26500 4301
64444 4302
64443 4303
63600 4304
60887 4305
64445 4306
3898 4307
62322 4308
59723 4309
59722 4310
62579 4311
59581 4312
65331 4313
29592 4314
29588 4315
60422 4316
57865 4317
57869 4318
65295 4319
64446 4320
62876 4321
62877 4322
57760 4323
62161 4324
61152 4325
62164 4326
65301 4327
62163 4328
62165 4329
65296 4330
61808 4331
62162 4332
64448 4333
64447 4334
62879 4335
62881 4336
39402 4337
64576 4338
64575 4339
64449 4340
65304 4341
65303 4342
242095 4343
39655 4344
26612 4345
64451 4346
64256 4347
64450 4348
64257 4349
39900 4350
62884 4351
62883 4352
64452 4353
37035 4354
65306 4355
65305 4356
64453 4357
40243 4358
14441 4359
40152 4360
40067 4361
40255 4362
62166 4363
239006 4364
62167 4365
65259 4366
40756 4367
40754 4368
126775 4369
62168 4370
64783 4371
64785 4372
64784 4373
58495 4374
58810 4375
65298 4376
62169 4377
62160 4378
64456 4379
62886 4380
43313 4381
65001 4382
62887 4383
43330 4384
64454 4385
65002 4386
43229 4387
62170 4388
65332 4389
43308 4390
43304 4391
43305 4392
43306 4393
43341 4394
64455 4395
64457 4396
16186 4397
8407 4398
9031 4399
8881 4400
9032 4401
9043 4402
9038 4403
16057 4404
134645 4405
16181 4406
5886 4407
212679 4408
6147 4409
9303 4410
9309 4411
6814 4412
27028 4413
3281 4414
6813 4415
6343 4416
3942 4417
77251 4418
8928 4419
8925 4420
8921 4421
133520 4422
9224 4423
6144 4424
52230 4425
23062 4426
8731 4427
15855 4428
15864 4429
9013 4430
6135 4431
9189 4432
3940 4433
251416 4434
6000 4435
16051 4436
12449 4437
12178 4438
3960 4439
12860 4440
242688 4441
48987 4442
11261 4443
11873 4444
50966 4445
48072 4446
48216 4447
33622 4448
47941 4449
47943 4450
235279 4451
49233 4452
33623 4453
125671 4454
35811 4455
21845 4456
51138 4457
3965 4458
21775 4459
205800 4460
3975 4461
7188 4462
34817 4463
35061 4464
34934 4465
35011 4466
34916 4467
34887 4468
34864 4469
35056 4470
3978 4471
206590 4472
227292 4473
35076 4474
35019 4475
35014 4476
35023 4477
35020 4478
35031 4479
35015 4480
35029 4481
21839 4482
35040 4483
35044 4484
35032 4485
35045 4486
51137 4487
49838 4488
50437 4489
185458 4490
50769 4491
47957 4492
48099 4493
48101 4494
48349 4495
48352 4496
47966 4497
48042 4498
48043 4499
242691 4500
48045 4501
48050 4502
48103 4503
30078 4504
48354 4505
47944 4506
48105 4507
47940 4508
33600 4509
33598 4510
48056 4511
47970 4512
47953 4513
48108 4514
47967 4515
47968 4516
47954 4517
47964 4518
48112 4519
48060 4520
48221 4521
48115 4522
50956 4523
48224 4524
242693 4525
47919 4526
242094 4527
48225 4528
242093 4529
47921 4530
47926 4531
47928 4532
48121 4533
48122 4534
49327 4535
49334 4536
50438 4537
51194 4538
50768 4539
50802 4540
50463 4541
50411 4542
50771 4543
50358 4544
50850 4545
50351 4546
48201 4547
48187 4548
50967 4549
48200 4550
72171 4551
50414 4552
50359 4553
50440 4554
49841 4555
47977 4556
50482 4557
49839 4558
49840 4559
21847 4560
50968 4561
51136 4562
51154 4563
50345 4564
33158 4565
50441 4566
51153 4567
50389 4568
51198 4569
50483 4570
51200 4571
51199 4572
50486 4573
51135 4574
3998 4575
33179 4576
49423 4577
21884 4578
51139 4579
20644 4580
248743 4581
20711 4582
203714 4583
13698 4584
8459 4585
4004 4586
16673 4587
216251 4588
16449 4589
16855 4590
205171 4591
8651 4592
8589 4593
13461 4594
13867 4595
13459 4596
99972 4597
145659 4598
99993 4599
100087 4600
12080 4601
100412 4602
3280 4603
157421 4604
126512 4605
155528 4606
7680 4607
100706 4608
108044 4609
100857 4610
14879 4611
101259 4612
240867 4613
101398 4614
101405 4615
109617 4616
8943 4617
153537 4618
10134 4619
101592 4620
10515 4621
11179 4622
101697 4623
11498 4624
101708 4625
101711 4626
101714 4627
126012 4628
10324 4629
101794 4630
101795 4631
244948 4632
101803 4633
101691 4634
11861 4635
18768 4636
16253 4637
10523 4638
244913 4639
5508 4640
10044 4641
101713 4642
26960 4643
5509 4644
58939 4645
4047 4646
23138 4647
58942 4648
102055 4649
27955 4650
5515 4651
102508 4652
126342 4653
5494 4654
5726 4655
18989 4656
17202 4657
102513 4658
221531 4659
22690 4660
22696 4661
43268 4662
43270 4663
296853 4664
43274 4665
43276 4666
22732 4667
22727 4668
43560 4669
43593 4670
151408 4671
147277 4672
150902 4673
150228 4674
149446 4675
150134 4676
6479 4677
147371 4678
149727 4679
204634 4680
4080 4681
125861 4682
29583 4683
46580 4684
28798 4685
10576 4686
14135 4687
28808 4688
14136 4689
234969 4690
234970 4691
10113 4692
107540 4693
270847 4694
270848 4695
6808 4696
31159 4697
6731 4698
44706 4699
19860 4700
44833 4701
44838 4702
45259 4703
44850 4704
4121 4705
4122 4706
19847 4707
121431 4708
232932 4709
122203 4710
44845 4711
121465 4712
121478 4713
25009 4714
44871 4715
121548 4716
44873 4717
44877 4718
121498 4719
121499 4720
121500 4721
121502 4722
45298 4723
121507 4724
121509 4725
122410 4726
121526 4727
121529 4728
121537 4729
44866 4730
44875 4731
121560 4732
121562 4733
44876 4734
121570 4735
45300 4736
122312 4737
122139 4738
45289 4739
122065 4740
121645 4741
45301 4742
121600 4743
121601 4744
121602 4745
121603 4746
121604 4747
121605 4748
121606 4749
121611 4750
121623 4751
45290 4752
45299 4753
121589 4754
121593 4755
121658 4756
122311 4757
30932 4758
30413 4759
4117 4760
121956 4761
4105 4762
45083 4763
6950 4764
8771 4765
10500 4766
4106 4767
9911 4768
18239 4769
4114 4770
122014 4771
45067 4772
122022 4773
45080 4774
122310 4775
41775 4776
41776 4777
273635 4778
41971 4779
41958 4780
41959 4781
41964 4782
41970 4783
42702 4784
42708 4785
41973 4786
273778 4787
42006 4788
132154 4789
4130 4790
42011 4791
205916 4792
122733 4793
171368 4794
42071 4795
42078 4796
42079 4797
42827 4798
42120 4799
274106 4800
242265 4801
42143 4802
43068 4803
42971 4804
42215 4805
42219 4806
42226 4807
42229 4808
42232 4809
27882 4810
274404 4811
274210 4812
274212 4813
42254 4814
27883 4815
42251 4816
42252 4817
42250 4818
42253 4819
4129 4820
107388 4821
42294 4822
4132 4823
296408 4824
273596 4825
273834 4826
242266 4827
42436 4828
42437 4829
42440 4830
42704 4831
42441 4832
5503 4833
242264 4834
238807 4835
217049 4836
181184 4837
37580 4838
182146 4839
182691 4840
37586 4841
183738 4842
37587 4843
180384 4844
180605 4845
180704 4846
37569 4847
182140 4848
182366 4849
37577 4850
183183 4851
183222 4852
37575 4853
184160 4854
184394 4855
184414 4856
184456 4857
185130 4858
182084 4859
37734 4860
37742 4861
182389 4862
37773 4863
37772 4864
183373 4865
39321 4866
37785 4867
37783 4868
180095 4869
180241 4870
180339 4871
180360 4872
180452 4873
180512 4874
181008 4875
181009 4876
181010 4877
181096 4878
181230 4879
181505 4880
181984 4881
181985 4882
181986 4883
181987 4884
181988 4885
181989 4886
181991 4887
181994 4888
181995 4889
181996 4890
182463 4891
182466 4892
182835 4893
182851 4894
182852 4895
182853 4896
182901 4897
183256 4898
183469 4899
183494 4900
183495 4901
183496 4902
183696 4903
184184 4904
184544 4905
185056 4906
185070 4907
185206 4908
37778 4909
31946 4910
37779 4911
37780 4912
37781 4913
37782 4914
182319 4915
182341 4916
181113 4917
181162 4918
184637 4919
180369 4920
180426 4921
180438 4922
180492 4923
37792 4924
37797 4925
37796 4926
4144 4927
180946 4928
180970 4929
181038 4930
37798 4931
181152 4932
4377 4933
181218 4934
37817 4935
181532 4936
181722 4937
181752 4938
37800 4939
37801 4940
37802 4941
37813 4942
181866 4943
182055 4944
182336 4945
37803 4946
37804 4947
37805 4948
4143 4949
37806 4950
37807 4951
183269 4952
183533 4953
183666 4954
37819 4955
183778 4956
37814 4957
180272 4958
68535 4959
180682 4960
180683 4961
180685 4962
180688 4963
180694 4964
180697 4965
180698 4966
37794 4967
37793 4968
181238 4969
30834 4970
181535 4971
4145 4972
181594 4973
158347 4974
182536 4975
37808 4976
37809 4977
37810 4978
37811 4979
37812 4980
182882 4981
182890 4982
37815 4983
184226 4984
184569 4985
37820 4986
184957 4987
184958 4988
184959 4989
184960 4990
184961 4991
184962 4992
185007 4993
37818 4994
184166 4995
184578 4996
184630 4997
37821 4998
37822 4999
185163 5000
37816 5001
37823 5002
185239 5003
37825 5004
37826 5005
185041 5006
180087 5007
181258 5008
37844 5009
180256 5010
180300 5011
180357 5012
37845 5013
180493 5014
37846 5015
180632 5016
180774 5017
180995 5018
181051 5019
181062 5020
181279 5021
37847 5022
181923 5023
37848 5024
37849 5025
37850 5026
182616 5027
182725 5028
182934 5029
182959 5030
183285 5031
183315 5032
37851 5033
183690 5034
183708 5035
37852 5036
37853 5037
184004 5038
185264 5039
181782 5040
180420 5041
180660 5042
181025 5043
181059 5044
181204 5045
182424 5046
182674 5047
182914 5048
183528 5049
183532 5050
184680 5051
181298 5052
183294 5053
183969 5054
184131 5055
181448 5056
180445 5057
37869 5058
181300 5059
37870 5060
37871 5061
37873 5062
37874 5063
180386 5064
180763 5065
181265 5066
181504 5067
181798 5068
181829 5069
182410 5070
185230 5071
180124 5072
181209 5073
181359 5074
181383 5075
182460 5076
182469 5077
183588 5078
185255 5079
37861 5080
182676 5081
37882 5082
181027 5083
181922 5084
182083 5085
37883 5086
182177 5087
37884 5088
182794 5089
183388 5090
37885 5091
184109 5092
37881 5093
184110 5094
37886 5095
37887 5096
184946 5097
185241 5098
185218 5099
185220 5100
37875 5101
37876 5102
183325 5103
37894 5104
180169 5105
180247 5106
180555 5107
180719 5108
180720 5109
180726 5110
37889 5111
181428 5112
181463 5113
181499 5114
181579 5115
181849 5116
182134 5117
182391 5118
182421 5119
182550 5120
182649 5121
182813 5122
183074 5123
183118 5124
183146 5125
183147 5126
183195 5127
183198 5128
183265 5129
183266 5130
183378 5131
184054 5132
184586 5133
184682 5134
184719 5135
184758 5136
37959 5137
185009 5138
180367 5139
181721 5140
181867 5141
182477 5142
4150 5143
37928 5144
184673 5145
37918 5146
180436 5147
180082 5148
180242 5149
182554 5150
183402 5151
184217 5152
4166 5153
180715 5154
6778 5155
182868 5156
184699 5157
184920 5158
37930 5159
37934 5160
37936 5161
37938 5162
37939 5163
181562 5164
37940 5165
30971 5166
37943 5167
180253 5168
180338 5169
181066 5170
181071 5171
181072 5172
181740 5173
182156 5174
182194 5175
21766 5176
184216 5177
184230 5178
37946 5179
37960 5180
180106 5181
180107 5182
180108 5183
180291 5184
37947 5185
180413 5186
180624 5187
180926 5188
37949 5189
181041 5190
270297 5191
270298 5192
37957 5193
37950 5194
181552 5195
182101 5196
182120 5197
37951 5198
37958 5199
182482 5200
37952 5201
182650 5202
183291 5203
37953 5204
183447 5205
183522 5206
183638 5207
37954 5208
183679 5209
183811 5210
180476 5211
4152 5212
37955 5213
184597 5214
184631 5215
184660 5216
184661 5217
184662 5218
184666 5219
184670 5220
184571 5221
184689 5222
184702 5223
184703 5224
184704 5225
184580 5226
184581 5227
184570 5228
184582 5229
184587 5230
184688 5231
184714 5232
184713 5233
184715 5234
184721 5235
184948 5236
185003 5237
185207 5238
185237 5239
182338 5240
17769 5241
183014 5242
183019 5243
184940 5244
181852 5245
182867 5246
184579 5247
184725 5248
184950 5249
37966 5250
37970 5251
183229 5252
4153 5253
15208 5254
180342 5255
39271 5256
181919 5257
38094 5258
38113 5259
4136 5260
38115 5261
38116 5262
38118 5263
38129 5264
38143 5265
38130 5266
38132 5267
181545 5268
181546 5269
181547 5270
38134 5271
181548 5272
181549 5273
38135 5274
38136 5275
38137 5276
38138 5277
38139 5278
38140 5279
38141 5280
38142 5281
38144 5282
38145 5283
39301 5284
4158 5285
8742 5286
38114 5287
38185 5288
181937 5289
182478 5290
38197 5291
183259 5292
38200 5293
38256 5294
180349 5295
180981 5296
181195 5297
181531 5298
183168 5299
183206 5300
183925 5301
183978 5302
185240 5303
38324 5304
27788 5305
38325 5306
38327 5307
38328 5308
38330 5309
4171 5310
38331 5311
38332 5312
181652 5313
182643 5314
183441 5315
38334 5316
204114 5317
38335 5318
38336 5319
204122 5320
183508 5321
204115 5322
308202 5323
204116 5324
38329 5325
38320 5326
30655 5327
8857 5328
38648 5329
38651 5330
182330 5331
38652 5332
38653 5333
38654 5334
38655 5335
38649 5336
185202 5337
38506 5338
180335 5339
39295 5340
38509 5341
38507 5342
180997 5343
181097 5344
181256 5345
181354 5346
181506 5347
181619 5348
181637 5349
181696 5350
181698 5351
38510 5352
181973 5353
38511 5354
182315 5355
182423 5356
38514 5357
182862 5358
182947 5359
183165 5360
38512 5361
38513 5362
183493 5363
183681 5364
184031 5365
184677 5366
184678 5367
72887 5368
4177 5369
38516 5370
181908 5371
181974 5372
182394 5373
182557 5374
183304 5375
183934 5376
184687 5377
181261 5378
182241 5379
182570 5380
183492 5381
183923 5382
184341 5383
38518 5384
6444 5385
185242 5386
9936 5387
38520 5388
183452 5389
38521 5390
38522 5391
180245 5392
38528 5393
38529 5394
38530 5395
38531 5396
180636 5397
180758 5398
181099 5399
181115 5400
38532 5401
38533 5402
38534 5403
181885 5404
182246 5405
182252 5406
38536 5407
182454 5408
183141 5409
183177 5410
38535 5411
183437 5412
183554 5413
183665 5414
183798 5415
184550 5416
184696 5417
184706 5418
184710 5419
184945 5420
184998 5421
180427 5422
180556 5423
180557 5424
180576 5425
181000 5426
181587 5427
181590 5428
181800 5429
182100 5430
182342 5431
182401 5432
182793 5433
182856 5434
182952 5435
183849 5436
183931 5437
184679 5438
184938 5439
185200 5440
38527 5441
23161 5442
38555 5443
180515 5444
38519 5445
181268 5446
181627 5447
183284 5448
183471 5449
184555 5450
184556 5451
184559 5452
184560 5453
184561 5454
184655 5455
184656 5456
184674 5457
38556 5458
180084 5459
180464 5460
182457 5461
29584 5462
30869 5463
38564 5464
112004 5465
180132 5466
180410 5467
180411 5468
180627 5469
180657 5470
180710 5471
180895 5472
180896 5473
180907 5474
180909 5475
180910 5476
180913 5477
181513 5478
181574 5479
181830 5480
181834 5481
183319 5482
183352 5483
183698 5484
184361 5485
184576 5486
184698 5487
185063 5488
38563 5489
38565 5490
38566 5491
38567 5492
38568 5493
38569 5494
18741 5495
38570 5496
38571 5497
38572 5498
38573 5499
38574 5500
38575 5501
38576 5502
38578 5503
38579 5504
38580 5505
38581 5506
38582 5507
38583 5508
38584 5509
38585 5510
38586 5511
38587 5512
38589 5513
181270 5514
181572 5515
182559 5516
183558 5517
183784 5518
203922 5519
180597 5520
181927 5521
184554 5522
184573 5523
184574 5524
184575 5525
184634 5526
180705 5527
180992 5528
181073 5529
181873 5530
180240 5531
181916 5532
182724 5533
183523 5534
182681 5535
180361 5536
180422 5537
180430 5538
180508 5539
180509 5540
180522 5541
38594 5542
180582 5543
180625 5544
180669 5545
180678 5546
180709 5547
38639 5548
180983 5549
181114 5550
181130 5551
181214 5552
38596 5553
181274 5554
181275 5555
181284 5556
181346 5557
181381 5558
181502 5559
181519 5560
181792 5561
38597 5562
38637 5563
182331 5564
38635 5565
182413 5566
38599 5567
182470 5568
182458 5569
38595 5570
38634 5571
38636 5572
38638 5573
182711 5574
68532 5575
182731 5576
183046 5577
38661 5578
183095 5579
183142 5580
183254 5581
183280 5582
183309 5583
183386 5584
183454 5585
183455 5586
183477 5587
183521 5588
183786 5589
183941 5590
184552 5591
184683 5592
184684 5593
184685 5594
184686 5595
184690 5596
184691 5597
184701 5598
184709 5599
184718 5600
38633 5601
185121 5602
181424 5603
31455 5604
31457 5605
38501 5606
31456 5607
182718 5608
183396 5609
183983 5610
38660 5611
38663 5612
39244 5613
180362 5614
183509 5615
180451 5616
180091 5617
38538 5618
180358 5619
38539 5620
181416 5621
38540 5622
38541 5623
38542 5624
182708 5625
38543 5626
38544 5627
38545 5628
38546 5629
38547 5630
38548 5631
183055 5632
183360 5633
38549 5634
38550 5635
184030 5636
184620 5637
185021 5638
38551 5639
38552 5640
38664 5641
68461 5642
38667 5643
181641 5644
68460 5645
183272 5646
38665 5647
180646 5648
181082 5649
181626 5650
181640 5651
268265 5652
38504 5653
182092 5654
27591 5655
38502 5656
182561 5657
29791 5658
183262 5659
183263 5660
183789 5661
184557 5662
184778 5663
185062 5664
185205 5665
185233 5666
185232 5667
204349 5668
180700 5669
68530 5670
35984 5671
26558 5672
38666 5673
252114 5674
68463 5675
68523 5676
184621 5677
38672 5678
135091 5679
38668 5680
4142 5681
181932 5682
182047 5683
182052 5684
5363 5685
182388 5686
182409 5687
182663 5688
38669 5689
38670 5690
68469 5691
204348 5692
204347 5693
38673 5694
38674 5695
185249 5696
38682 5697
38698 5698
181575 5699
39286 5700
38846 5701
38849 5702
38851 5703
38854 5704
38855 5705
181364 5706
39021 5707
39039 5708
185238 5709
180706 5710
181481 5711
181746 5712
183824 5713
183825 5714
184545 5715
39046 5716
39199 5717
39200 5718
180916 5719
39203 5720
39204 5721
39206 5722
182267 5723
183662 5724
39205 5725
39220 5726
184158 5727
39224 5728
39227 5729
39228 5730
39229 5731
39230 5732
17546 5733
185215 5734
39233 5735
181649 5736
72888 5737
39238 5738
182468 5739
39239 5740
180388 5741
180538 5742
181742 5743
39240 5744
39241 5745
39245 5746
190700 5747
108848 5748
4201 5749
102825 5750
4200 5751
16787 5752
16418 5753
26696 5754
108591 5755
10492 5756
104500 5757
26338 5758
109368 5759
52700 5760
18105 5761
19558 5762
19557 5763
53425 5764
19561 5765
19560 5766
17386 5767
19559 5768
15287 5769
15291 5770
17388 5771
15113 5772
15510 5773
4220 5774
188818 5775
25038 5776
19562 5777
15766 5778
15535 5779
15536 5780
15537 5781
15538 5782
19563 5783
18106 5784
26729 5785
26730 5786
4218 5787
26731 5788
15542 5789
15540 5790
204012 5791
15539 5792
204013 5793
15541 5794
18107 5795
19547 5796
28851 5797
15768 5798
11352 5799
19564 5800
17392 5801
15769 5802
17391 5803
17393 5804
7252 5805
19565 5806
17813 5807
12662 5808
8614 5809
212379 5810
51900 5811
60905 5812
171650 5813
173078 5814
173258 5815
173920 5816
205802 5817
171630 5818
172438 5819
173410 5820
174844 5821
171749 5822
172596 5823
171445 5824
171467 5825
171473 5826
171518 5827
171605 5828
171672 5829
171855 5830
172040 5831
172428 5832
172429 5833
172574 5834
172584 5835
172666 5836
173168 5837
173602 5838
173963 5839
174761 5840
174786 5841
174881 5842
175619 5843
173360 5844
171423 5845
171778 5846
171780 5847
173261 5848
173485 5849
174807 5850
7153 5851
188411 5852
173944 5853
171798 5854
171827 5855
7150 5856
172862 5857
171382 5858
173206 5859
173511 5860
175563 5861
171923 5862
171932 5863
171658 5864
172321 5865
172680 5866
172398 5867
171371 5868
171568 5869
172008 5870
172255 5871
172583 5872
173032 5873
173171 5874
173252 5875
173867 5876
173091 5877
173947 5878
171427 5879
7181 5880
174872 5881
174565 5882
171731 5883
171763 5884
173068 5885
173828 5886
175526 5887
171364 5888
171840 5889
171627 5890
172177 5891
173563 5892
173567 5893
173764 5894
7194 5895
172085 5896
172146 5897
171724 5898
171834 5899
171970 5900
171983 5901
172094 5902
172126 5903
172447 5904
172868 5905
4231 5906
173211 5907
173547 5908
173896 5909
175540 5910
172156 5911
172316 5912
172580 5913
172725 5914
172726 5915
172751 5916
172998 5917
171523 5918
173269 5919
7133 5920
173519 5921
173948 5922
174814 5923
175501 5924
175552 5925
175580 5926
172832 5927
171951 5928
171961 5929
172395 5930
172436 5931
172573 5932
171761 5933
172315 5934
173157 5935
171437 5936
171440 5937
171694 5938
173314 5939
172151 5940
172021 5941
172888 5942
174566 5943
172019 5944
171942 5945
173020 5946
173063 5947
7310 5948
173964 5949
173303 5950
172842 5951
173787 5952
171338 5953
4236 5954
173214 5955
175632 5956
174819 5957
145513 5958
271124 5959
9966 5960
19368 5961
19369 5962
208294 5963
47384 5964
194848 5965
145462 5966
18405 5967
265510 5968
265509 5969
4342 5970
16144 5971
4350 5972
191821 5973
4348 5974
15998 5975
67345 5976
246125 5977
31891 5978
4351 5979
259883 5980
246119 5981
