30622 0
226368 1
210406 2
210409 3
210407 4
248476 5
308078 6
23408 7
9382 8
23484 9
41 10
229529 11
23512 12
19903 13
22987 14
272516 15
310388 16
122853 17
307455 18
307055 19
226246 20
270116 21
26277 22
229861 23
131895 24
223340 25
222820 26
105576 27
300531 28
223095 29
223093 30
223097 31
306256 32
105565 33
143601 34
122871 35
258556 36
99757 37
99755 38
12015 39
10308 40
5752 41
159465 42
263387 43
106835 44
195531 45
195970 46
122 47
257518 48
238894 49
41645 50
217487 51
191789 52
65285 53
106620 54
127294 55
28476 56
270111 57
28477 58
270114 59
138 60
270112 61
270113 62
208664 63
141 64
194639 65
42920 66
26698 67
11364 68
16631 69
16954 70
17162 71
155 72
16617 73
269902 74
11874 75
11041 76
259418 77
259419 78
190242 79
163 80
250331 81
250332 82
309378 83
11726 84
13958 85
171 86
126175 87
241797 88
130634 89
132838 90
132874 91
5885 92
300680 93
132653 94
18798 95
188 96
238784 97
204980 98
122740 99
12151 100
7624 101
203747 102
266313 103
266177 104
203751 105
239115 106
122817 107
268272 108
270277 109
122918 110
122822 111
249037 112
194569 113
122768 114
122762 115
192498 116
238884 117
62050 118
156193 119
232903 120
272685 121
231 122
123576 123
289838 124
246986 125
7797 126
109677 127
46475 128
42372 129
46733 130
42595 131
42588 132
42585 133
4593 134
235292 135
46576 136
252433 137
252606 138
43682 139
41806 140
42800 141
123153 142
46369 143
47167 144
41935 145
42277 146
49625 147
242 148
49689 149
44598 150
159262 151
44450 152
56701 153
56834 154
57258 155
57261 156
14957 157
122061 158
56543 159
55966 160
5610 161
57328 162
45013 163
44955 164
44970 165
45916 166
44983 167
45016 168
45029 169
50784 170
61890 171
294698 172
50781 173
241733 174
50779 175
50787 176
16004 177
195665 178
50780 179
187720 180
157300 181
51428 182
222772 183
45221 184
45220 185
45024 186
186623 187
6406 188
145241 189
260840 190
107857 191
253519 192
61893 193
257108 194
66915 195
238636 196
147040 197
220852 198
58436 199
215107 200
240896 201
57569 202
61186 203
58122 204
133933 205
123375 206
266789 207
133936 208
133928 209
123374 210
57147 211
217991 212
157969 213
57172 214
57216 215
190388 216
273526 217
195135 218
61662 219
194623 220
220714 221
203472 222
57535 223
189241 224
57542 225
292243 226
57915 227
57449 228
258452 229
258454 230
258453 231
260213 232
126179 233
208385 234
2780 235
206326 236
29191 237
122928 238
7959 239
146861 240
359 241
334 242
353 243
194901 244
328 245
219686 246
190851 247
24879 248
268203 249
190658 250
106461 251
238030 252
310598 253
54893 254
159621 255
190718 256
190717 257
145884 258
272490 259
21632 260
145877 261
24994 262
24995 263
190645 264
25128 265
25120 266
16033 267
205797 268
45556 269
205799 270
25121 271
258866 272
455 273
205795 274
305433 275
210801 276
253654 277
239048 278
18829 279
67531 280
489 281
11356 282
61476 283
18820 284
486 285
13089 286
8859 287
259043 288
5557 289
10524 290
227772 291
195442 292
310229 293
16649 294
271800 295
25258 296
17071 297
243696 298
22961 299
230086 300
211456 301
243735 302
516 303
243732 304
16911 305
18837 306
32750 307
7275 308
17369 309
224243 310
25303 311
4381 312
13218 313
10300 314
204412 315
191405 316
25236 317
13225 318
264935 319
13125 320
268736 321
13226 322
8743 323
14872 324
16629 325
23492 326
244427 327
10383 328
10549 329
559 330
10051 331
239255 332
26644 333
11127 334
193569 335
11302 336
14297 337
10865 338
26082 339
255126 340
194915 341
210332 342
11253 343
16722 344
244432 345
253287 346
8049 347
11055 348
19090 349
122807 350
263084 351
13093 352
43996 353
264911 354
242249 355
256726 356
504 357
122940 358
214142 359
274443 360
214143 361
215016 362
10881 363
27969 364
265083 365
13090 366
269082 367
269080 368
8978 369
253626 370
263207 371
8250 372
10108 373
245987 374
4616 375
10140 376
253624 377
260444 378
213293 379
10294 380
10296 381
5582 382
269079 383
10522 384
10813 385
269681 386
263334 387
11169 388
11217 389
11743 390
9965 391
12160 392
13822 393
269042 394
213764 395
22960 396
269053 397
244204 398
270983 399
289874 400
289471 401
236055 402
270955 403
233975 404
273116 405
270954 406
6780 407
259454 408
214400 409
194263 410
269081 411
243842 412
5715 413
302508 414
19097 415
10234 416
213765 417
269064 418
22964 419
16570 420
8196 421
23012 422
25167 423
25380 424
25409 425
536 426
26095 427
231206 428
261562 429
269054 430
5581 431
299211 432
231009 433
26648 434
10777 435
262786 436
253886 437
244235 438
244233 439
244236 440
213587 441
9964 442
213586 443
255119 444
255118 445
255133 446
256717 447
262780 448
262873 449
244224 450
231081 451
244228 452
244226 453
244227 454
244229 455
244191 456
8805 457
131382 458
5830 459
262785 460
14999 461
263201 462
16335 463
244193 464
19888 465
244195 466
244194 467
213358 468
213262 469
262782 470
244196 471
244197 472
255121 473
244230 474
244187 475
244188 476
10204 477
16580 478
244190 479
23120 480
262789 481
262794 482
213653 483
9558 484
261417 485
260345 486
269427 487
261420 488
261416 489
10397 490
11687 491
213654 492
261418 493
261419 494
11710 495
26196 496
257045 497
257041 498
256998 499
195140 500
257036 501
205483 502
25940 503
307102 504
157633 505
195494 506
599 507
63262 508
207909 509
272362 510
194379 511
579 512
205368 513
194957 514
65449 515
10092 516
73007 517
305846 518
19443 519
621 520
271207 521
16979 522
308116 523
625 524
13094 525
191827 526
191826 527
191829 528
9386 529
19929 530
249260 531
188439 532
125561 533
188100 534
188099 535
207799 536
145720 537
207489 538
194231 539
188172 540
188171 541
188219 542
190212 543
188580 544
30673 545
195653 546
195651 547
195650 548
195652 549
195654 550
122511 551
207306 552
195872 553
691 554
195873 555
188366 556
122514 557
234533 558
190955 559
668 560
190956 561
195721 562
195875 563
207044 564
190910 565
195874 566
186752 567
210667 568
210657 569
145314 570
186909 571
186917 572
135063 573
135088 574
135098 575
135055 576
144739 577
52166 578
234659 579
157910 580
157684 581
192788 582
192786 583
255030 584
255010 585
157790 586
156803 587
17046 588
187144 589
242882 590
224739 591
21130 592
12438 593
697 594
266716 595
144503 596
5452 597
144438 598
144450 599
187691 600
144443 601
144066 602
224602 603
143816 604
143822 605
232939 606
64514 607
13215 608
143881 609
187212 610
157473 611
186591 612
157439 613
217062 614
205285 615
143620 616
143681 617
143296 618
230999 619
230998 620
231000 621
143580 622
135298 623
123464 624
135302 625
144711 626
134939 627
156643 628
232517 629
48983 630
156631 631
135028 632
72583 633
187029 634
187198 635
233154 636
156132 637
156131 638
142700 639
185551 640
235386 641
147160 642
240130 643
242505 644
243253 645
231305 646
233147 647
134976 648
21217 649
147176 650
147161 651
233148 652
229062 653
144083 654
185761 655
144064 656
144051 657
144082 658
144073 659
142688 660
232268 661
144665 662
144042 663
144055 664
143975 665
230718 666
155462 667
144548 668
155526 669
255710 670
134599 671
239986 672
154562 673
155429 674
155734 675
186773 676
134618 677
155707 678
134605 679
244378 680
232893 681
155678 682
232891 683
232898 684
155468 685
228361 686
240026 687
232894 688
155770 689
232895 690
213058 691
208405 692
19927 693
253860 694
221396 695
771 696
794 697
294669 698
8017 699
776 700
18431 701
14963 702
158151 703
263298 704
220916 705
232706 706
195426 707
4457 708
241052 709
219037 710
106562 711
195977 712
792 713
106405 714
295941 715
5636 716
5560 717
256370 718
273583 719
235776 720
106091 721
179946 722
240578 723
33900 724
33904 725
785 726
155673 727
209319 728
18388 729
18657 730
757 731
800 732
187876 733
19034 734
30250 735
222135 736
4310 737
185337 738
31524 739
31523 740
41271 741
4336 742
25135 743
4327 744
4328 745
14740 746
264498 747
4312 748
234798 749
4331 750
4332 751
4338 752
54653 753
4326 754
41273 755
4522 756
41275 757
14738 758
4311 759
6401 760
41278 761
231427 762
4329 763
4322 764
4334 765
31036 766
20111 767
298140 768
228187 769
252210 770
252209 771
228186 772
270448 773
240579 774
307112 775
244503 776
307312 777
207557 778
310022 779
204719 780
204718 781
106368 782
290876 783
16568 784
307106 785
250879 786
274056 787
252139 788
252216 789
250886 790
13131 791
13136 792
18666 793
33303 794
33301 795
33307 796
294705 797
251913 798
251912 799
250917 800
303236 801
256945 802
251724 803
193054 804
40035 805
1658 806
1666 807
290133 808
12052 809
26316 810
250909 811
9701 812
250911 813
10244 814
26317 815
20936 816
26315 817
18662 818
18667 819
18674 820
252297 821
291256 822
251252 823
12053 824
263228 825
6470 826
251309 827
263726 828
12047 829
250922 830
274517 831
30603 832
252005 833
19019 834
52716 835
52168 836
46483 837
46133 838
19341 839
19324 840
47078 841
1668 842
1690 843
13082 844
298104 845
270156 846
292016 847
292101 848
59097 849
59096 850
270242 851
1693 852
13376 853
1746 854
13043 855
106728 856
222802 857
222800 858
222803 859
222796 860
1743 861
269317 862
21913 863
21914 864
21915 865
21916 866
122672 867
13238 868
1711 869
51123 870
122581 871
13017 872
13240 873
18890 874
57036 875
56918 876
1734 877
5500 878
186469 879
49061 880
57038 881
32208 882
12958 883
43245 884
122152 885
186637 886
18611 887
19727 888
1715 889
155956 890
215586 891
256242 892
43866 893
264320 894
53670 895
55750 896
54236 897
54237 898
55758 899
56371 900
238526 901
271136 902
54586 903
220044 904
194013 905
194015 906
5666 907
5664 908
32488 909
5665 910
32489 911
5668 912
32323 913
32334 914
5695 915
32112 916
5744 917
1852 918
32456 919
32140 920
32142 921
32141 922
32262 923
16922 924
32263 925
1784 926
1928 927
32387 928
1783 929
4431 930
32264 931
32537 932
5696 933
33949 934
5682 935
1777 936
1764 937
32308 938
32461 939
32131 940
208552 941
32133 942
32132 943
32136 944
5680 945
217856 946
1765 947
32435 948
1781 949
1782 950
32480 951
274405 952
32042 953
32038 954
15022 955
31766 956
157894 957
122107 958
16416 959
186715 960
11244 961
98716 962
253251 963
14990 964
301776 965
36290 966
36291 967
13813 968
125528 969
125529 970
1830 971
20262 972
36397 973
36300 974
1808 975
31772 976
32029 977
32016 978
32008 979
238387 980
1866 981
7920 982
31668 983
13810 984
6019 985
6020 986
21646 987
6021 988
6024 989
21529 990
126161 991
21476 992
6025 993
13518 994
21381 995
6026 996
21480 997
1818 998
6030 999
1814 1000
6029 1001
1815 1002
21548 1003
255241 1004
21550 1005
221120 1006
21551 1007
6013 1008
240561 1009
13819 1010
13835 1011
13834 1012
13195 1013
21276 1014
17698 1015
17697 1016
17684 1017
21273 1018
21274 1019
21278 1020
17696 1021
17591 1022
17651 1023
17624 1024
36464 1025
36445 1026
36453 1027
8208 1028
17802 1029
17803 1030
16823 1031
16825 1032
14854 1033
14856 1034
14848 1035
14852 1036
14861 1037
14850 1038
31883 1039
15119 1040
16734 1041
14859 1042
16735 1043
10887 1044
21717 1045
14846 1046
16828 1047
11719 1048
16737 1049
16739 1050
13205 1051
16827 1052
16826 1053
36123 1054
36124 1055
16819 1056
244804 1057
21732 1058
15123 1059
13152 1060
34217 1061
1869 1062
31885 1063
31846 1064
21734 1065
21737 1066
15115 1067
19907 1068
11387 1069
11245 1070
21727 1071
262613 1072
214849 1073
122205 1074
13488 1075
36219 1076
17329 1077
13189 1078
13192 1079
13191 1080
13193 1081
17347 1082
14821 1083
39546 1084
14808 1085
109177 1086
13194 1087
34227 1088
34225 1089
34233 1090
17327 1091
121005 1092
16731 1093
15106 1094
240219 1095
223821 1096
29639 1097
13865 1098
15868 1099
15873 1100
223912 1101
223911 1102
1891 1103
203318 1104
229498 1105
134321 1106
229514 1107
157998 1108
229495 1109
6995 1110
12411 1111
224115 1112
224116 1113
13773 1114
224102 1115
224105 1116
224108 1117
108723 1118
296070 1119
15814 1120
15815 1121
13871 1122
229497 1123
5471 1124
13199 1125
223818 1126
9956 1127
224071 1128
224072 1129
224066 1130
224060 1131
224068 1132
224069 1133
6828 1134
6829 1135
25068 1136
1894 1137
224133 1138
224225 1139
203329 1140
224139 1141
72917 1142
22713 1143
292200 1144
72912 1145
1897 1146
72899 1147
13544 1148
1898 1149
13575 1150
72893 1151
7033 1152
23721 1153
72920 1154
72916 1155
72919 1156
105774 1157
1892 1158
72924 1159
26031 1160
72897 1161
72927 1162
13576 1163
1900 1164
191149 1165
15874 1166
1904 1167
224436 1168
1847 1169
8426 1170
102700 1171
107350 1172
13202 1173
238841 1174
13200 1175
16022 1176
107412 1177
145465 1178
21613 1179
21614 1180
34152 1181
21557 1182
32067 1183
208068 1184
1917 1185
13506 1186
187131 1187
1813 1188
30156 1189
266129 1190
60574 1191
240078 1192
6006 1193
5919 1194
17129 1195
8009 1196
8008 1197
187130 1198
1935 1199
10476 1200
269588 1201
307560 1202
18942 1203
309375 1204
192071 1205
303048 1206
27134 1207
25644 1208
214464 1209
203434 1210
15187 1211
271786 1212
249375 1213
309695 1214
13826 1215
259293 1216
290829 1217
297370 1218
297432 1219
18848 1220
2011 1221
17904 1222
2060 1223
2051 1224
2052 1225
62356 1226
2054 1227
18693 1228
2061 1229
47748 1230
47751 1231
310255 1232
245713 1233
56418 1234
25461 1235
258057 1236
300048 1237
114568 1238
258055 1239
51912 1240
267598 1241
125998 1242
125999 1243
126007 1244
193841 1245
204048 1246
203582 1247
257564 1248
291224 1249
2076 1250
298865 1251
2082 1252
262248 1253
63328 1254
4362 1255
256572 1256
54939 1257
133035 1258
57010 1259
72889 1260
30504 1261
2105 1262
123118 1263
2110 1264
31111 1265
56191 1266
190131 1267
194948 1268
189300 1269
203233 1270
131152 1271
55998 1272
23425 1273
253930 1274
68228 1275
8472 1276
306441 1277
55798 1278
192468 1279
2129 1280
55802 1281
56188 1282
55999 1283
131105 1284
55854 1285
25978 1286
55852 1287
55905 1288
131100 1289
264256 1290
131014 1291
55839 1292
55796 1293
56192 1294
55803 1295
54999 1296
19906 1297
19905 1298
147032 1299
123261 1300
55800 1301
123379 1302
123232 1303
55982 1304
262800 1305
253209 1306
132221 1307
126031 1308
126068 1309
126067 1310
125455 1311
2169 1312
126069 1313
214051 1314
29981 1315
2159 1316
51506 1317
2153 1318
252515 1319
252520 1320
66275 1321
58168 1322
302606 1323
56002 1324
159487 1325
2164 1326
13716 1327
272575 1328
144041 1329
5463 1330
2191 1331
21603 1332
171317 1333
40459 1334
263215 1335
28730 1336
146259 1337
13305 1338
108059 1339
158453 1340
28727 1341
259223 1342
159417 1343
106920 1344
16999 1345
28723 1346
66901 1347
10751 1348
228649 1349
28738 1350
2189 1351
146148 1352
20059 1353
188763 1354
5812 1355
218592 1356
210986 1357
6800 1358
47975 1359
28732 1360
28726 1361
236167 1362
108098 1363
17371 1364
28718 1365
28770 1366
248611 1367
308439 1368
20435 1369
185520 1370
296327 1371
221222 1372
208333 1373
207390 1374
274407 1375
2214 1376
245317 1377
205985 1378
31212 1379
272290 1380
19840 1381
18777 1382
208191 1383
106334 1384
9786 1385
21400 1386
9761 1387
15073 1388
211316 1389
26066 1390
10988 1391
11002 1392
16343 1393
11380 1394
10357 1395
17132 1396
2364 1397
11634 1398
30873 1399
44894 1400
245332 1401
245334 1402
245361 1403
219830 1404
2400 1405
2390 1406
123414 1407
217528 1408
123385 1409
123396 1410
123399 1411
123397 1412
123406 1413
247401 1414
212418 1415
123411 1416
212416 1417
30861 1418
8740 1419
123415 1420
123393 1421
123395 1422
123384 1423
123398 1424
11607 1425
56291 1426
123388 1427
56292 1428
22574 1429
246272 1430
123416 1431
2394 1432
188847 1433
265217 1434
203993 1435
203992 1436
8587 1437
73184 1438
73214 1439
205220 1440
2428 1441
29188 1442
29190 1443
61475 1444
15353 1445
45342 1446
20283 1447
158687 1448
302024 1449
302023 1450
62248 1451
48229 1452
263605 1453
297685 1454
230328 1455
228766 1456
240092 1457
32929 1458
228887 1459
205416 1460
229109 1461
36356 1462
32595 1463
46340 1464
47444 1465
32918 1466
2494 1467
231398 1468
231932 1469
228940 1470
226742 1471
13671 1472
233108 1473
48077 1474
47984 1475
32273 1476
32233 1477
2461 1478
37115 1479
18742 1480
13911 1481
210298 1482
33960 1483
34424 1484
36096 1485
35616 1486
225038 1487
35603 1488
8588 1489
14096 1490
214162 1491
11563 1492
310264 1493
302669 1494
155922 1495
204813 1496
125438 1497
155752 1498
309988 1499
11247 1500
270881 1501
297960 1502
63375 1503
295412 1504
295413 1505
19943 1506
18870 1507
205097 1508
21360 1509
187934 1510
258216 1511
270614 1512
205413 1513
155883 1514
259265 1515
205414 1516
131682 1517
270755 1518
206142 1519
2573 1520
46298 1521
46300 1522
26991 1523
259713 1524
14752 1525
254272 1526
46740 1527
243237 1528
46421 1529
228406 1530
2604 1531
302198 1532
309523 1533
219391 1534
203634 1535
225031 1536
6926 1537
1980 1538
209344 1539
253896 1540
193299 1541
253895 1542
12451 1543
21564 1544
297980 1545
294244 1546
297953 1547
193983 1548
193982 1549
195524 1550
125544 1551
205744 1552
294375 1553
204651 1554
125543 1555
252321 1556
299491 1557
269735 1558
49165 1559
307108 1560
19891 1561
308155 1562
17824 1563
294240 1564
21562 1565
2753 1566
251609 1567
194650 1568
9898 1569
18233 1570
265660 1571
265661 1572
206145 1573
210950 1574
18676 1575
269603 1576
250660 1577
2722 1578
298139 1579
2702 1580
205267 1581
268514 1582
271739 1583
298406 1584
308094 1585
2793 1586
193980 1587
56299 1588
5547 1589
265630 1590
291644 1591
195117 1592
250845 1593
271797 1594
250846 1595
48412 1596
309485 1597
300838 1598
265692 1599
243150 1600
203213 1601
205402 1602
308061 1603
310589 1604
20030 1605
2798 1606
308053 1607
125562 1608
304736 1609
304733 1610
10314 1611
304732 1612
191957 1613
265841 1614
2786 1615
2781 1616
9864 1617
310360 1618
251062 1619
265842 1620
207213 1621
207209 1622
207212 1623
2787 1624
308096 1625
109722 1626
25170 1627
2778 1628
194678 1629
252389 1630
19975 1631
249269 1632
31171 1633
123626 1634
12693 1635
125795 1636
123707 1637
18232 1638
12663 1639
221609 1640
125776 1641
126205 1642
18463 1643
125946 1644
23350 1645
125849 1646
125850 1647
125769 1648
126404 1649
12682 1650
16680 1651
126226 1652
126437 1653
125730 1654
18231 1655
126284 1656
126364 1657
125729 1658
126448 1659
125732 1660
126289 1661
126316 1662
126356 1663
126358 1664
126392 1665
125733 1666
233282 1667
233285 1668
125394 1669
126246 1670
185289 1671
125392 1672
156230 1673
156231 1674
23609 1675
125759 1676
289508 1677
27155 1678
126263 1679
126266 1680
126265 1681
126267 1682
126362 1683
12666 1684
125395 1685
125397 1686
123597 1687
231296 1688
18377 1689
126467 1690
159446 1691
221552 1692
57233 1693
57305 1694
56860 1695
3091 1696
4378 1697
28676 1698
56490 1699
225030 1700
57104 1701
269262 1702
3097 1703
250107 1704
158690 1705
143307 1706
135340 1707
42802 1708
65989 1709
244591 1710
133041 1711
267412 1712
126610 1713
296022 1714
11534 1715
166617 1716
105729 1717
247104 1718
204003 1719
204000 1720
263005 1721
203998 1722
203711 1723
204142 1724
252500 1725
145174 1726
249618 1727
291668 1728
105655 1729
68180 1730
122507 1731
19159 1732
68258 1733
122840 1734
49198 1735
52736 1736
53316 1737
49988 1738
306731 1739
192496 1740
3112 1741
50144 1742
20490 1743
221361 1744
188626 1745
241780 1746
16471 1747
106022 1748
253686 1749
302788 1750
127374 1751
15649 1752
134862 1753
108444 1754
108445 1755
175683 1756
108520 1757
144824 1758
10669 1759
10603 1760
14559 1761
8884 1762
10033 1763
13598 1764
10582 1765
214945 1766
10745 1767
10656 1768
60648 1769
60542 1770
10662 1771
14569 1772
10597 1773
10581 1774
10738 1775
10737 1776
13593 1777
3152 1778
10736 1779
10630 1780
22949 1781
11994 1782
3204 1783
10741 1784
3180 1785
10596 1786
21860 1787
10743 1788
11615 1789
10604 1790
258062 1791
10042 1792
13587 1793
10583 1794
10588 1795
11083 1796
13608 1797
10622 1798
8711 1799
10670 1800
10627 1801
10635 1802
12001 1803
10909 1804
258846 1805
11614 1806
10590 1807
10619 1808
29703 1809
12003 1810
9496 1811
13120 1812
33235 1813
3170 1814
11105 1815
14634 1816
13597 1817
11095 1818
6802 1819
134042 1820
122683 1821
134463 1822
133214 1823
133227 1824
191624 1825
246402 1826
134441 1827
133244 1828
122691 1829
122690 1830
134096 1831
134093 1832
122693 1833
49542 1834
134085 1835
134086 1836
108726 1837
10231 1838
134090 1839
134092 1840
257121 1841
29216 1842
122692 1843
133986 1844
14685 1845
306754 1846
195212 1847
193899 1848
237746 1849
21755 1850
266579 1851
258336 1852
28095 1853
19036 1854
1603 1855
5296 1856
5254 1857
5215 1858
829 1859
861 1860
882 1861
203811 1862
990 1863
1012 1864
1391 1865
950 1866
1129 1867
194328 1868
1109 1869
931 1870
1115 1871
191177 1872
1002 1873
216227 1874
1218 1875
1245 1876
1250 1877
241229 1878
1264 1879
1302 1880
857 1881
1085 1882
888 1883
1195 1884
1323 1885
1327 1886
4686 1887
1468 1888
4775 1889
7616 1890
1428 1891
1445 1892
1444 1893
4674 1894
1418 1895
4869 1896
4982 1897
4779 1898
5329 1899
1459 1900
1412 1901
1477 1902
1478 1903
4747 1904
4981 1905
4748 1906
4783 1907
290246 1908
4422 1909
1516 1910
30732 1911
34718 1912
1558 1913
34724 1914
5005 1915
269101 1916
4911 1917
1600 1918
1609 1919
31362 1920
1606 1921
4983 1922
2890 1923
5186 1924
5353 1925
2892 1926
272279 1927
2865 1928
5182 1929
5295 1930
11782 1931
12040 1932
5090 1933
11752 1934
25145 1935
11802 1936
11753 1937
5277 1938
4293 1939
4262 1940
5134 1941
4266 1942
4272 1943
6906 1944
4261 1945
4956 1946
4814 1947
29437 1948
260589 1949
5282 1950
254249 1951
4276 1952
4756 1953
4298 1954
5245 1955
5253 1956
11479 1957
6902 1958
5486 1959
6897 1960
25725 1961
11254 1962
14079 1963
5148 1964
11755 1965
17830 1966
126163 1967
199211 1968
197265 1969
201178 1970
196606 1971
202020 1972
199056 1973
201388 1974
26113 1975
198056 1976
41245 1977
50599 1978
50602 1979
188553 1980
48659 1981
19917 1982
43195 1983
52241 1984
44359 1985
43242 1986
73193 1987
54117 1988
3370 1989
46250 1990
62335 1991
52850 1992
54350 1993
51780 1994
52108 1995
75558 1996
75563 1997
75339 1998
9810 1999
16636 2000
8707 2001
78664 2002
27941 2003
13814 2004
17171 2005
81666 2006
213136 2007
82194 2008
18447 2009
82415 2010
83377 2011
211729 2012
84601 2013
26504 2014
210322 2015
209423 2016
211242 2017
11243 2018
218357 2019
91866 2020
12058 2021
218110 2022
97406 2023
20926 2024
3591 2025
113735 2026
3635 2027
158465 2028
3632 2029
6211 2030
114732 2031
114778 2032
114899 2033
5992 2034
119368 2035
119830 2036
3660 2037
159186 2038
105689 2039
17109 2040
72214 2041
139686 2042
45404 2043
136703 2044
135839 2045
3740 2046
227852 2047
136131 2048
136225 2049
136338 2050
136491 2051
137965 2052
138086 2053
139044 2054
137893 2055
139487 2056
140834 2057
45583 2058
141159 2059
136041 2060
136144 2061
143493 2062
45580 2063
45581 2064
136621 2065
137077 2066
137140 2067
137751 2068
3741 2069
138220 2070
138224 2071
138713 2072
143494 2073
138944 2074
45582 2075
139689 2076
141002 2077
141147 2078
45584 2079
143495 2080
28536 2081
140866 2082
136626 2083
3748 2084
139109 2085
45707 2086
8108 2087
16152 2088
6037 2089
7542 2090
28714 2091
16392 2092
9649 2093
3818 2094
253761 2095
11187 2096
5889 2097
123769 2098
125920 2099
5365 2100
54517 2101
10679 2102
221750 2103
123423 2104
167617 2105
43926 2106
3861 2107
272694 2108
43983 2109
3871 2110
9672 2111
3860 2112
15168 2113
23439 2114
26074 2115
15134 2116
28596 2117
14004 2118
11826 2119
44185 2120
146927 2121
3866 2122
3865 2123
11180 2124
26180 2125
8803 2126
28675 2127
28674 2128
44236 2129
3868 2130
44443 2131
292578 2132
26075 2133
164790 2134
30835 2135
3892 2136
60981 2137
62159 2138
61536 2139
61540 2140
8818 2141
61548 2142
61549 2143
64151 2144
61551 2145
10254 2146
61560 2147
63700 2148
61571 2149
64152 2150
63684 2151
61591 2152
61592 2153
61607 2154
3916 2155
63594 2156
40484 2157
231902 2158
231903 2159
5823 2160
12211 2161
3960 2162
33622 2163
33623 2164
48992 2165
3975 2166
7188 2167
3977 2168
36628 2169
4004 2170
4036 2171
100296 2172
19882 2173
14916 2174
23368 2175
147844 2176
148256 2177
148178 2178
147729 2179
148263 2180
61665 2181
4069 2182
66522 2183
68383 2184
66391 2185
27682 2186
28715 2187
28673 2188
46658 2189
4075 2190
10920 2191
13774 2192
3653 2193
13841 2194
28773 2195
42294 2196
181288 2197
4143 2198
158347 2199
182890 2200
180995 2201
183285 2202
37960 2203
4152 2204
182338 2205
17769 2206
183019 2207
38538 2208
38541 2209
38665 2210
27591 2211
26558 2212
4142 2213
5363 2214
64637 2215
27693 2216
17253 2217
22484 2218
9794 2219
17179 2220
17669 2221
22068 2222
17281 2223
18092 2224
106280 2225
15765 2226
17282 2227
18127 2228
22549 2229
25711 2230
4496 2231
170746 2232
25681 2233
172678 2234
7343 2235
173867 2236
47384 2237
209873 2238
13949 2239
205764 2240
16144 2241
9736 2242
10049 2243
4350 2244
8552 2245
4345 2246
133924 2247
68114 2248
194452 2249
108736 2250
61023 2251
274196 2252
28037 2253
231945 2254
231949 2255
204144 2256
