0	1694	1
0	729	1
0	467	1
0	1374	1
0	2092	1
0	954	1
0	1557	1
0	842	1
0	1581	1
0	572	1
1	1686	1
1	1557	1
1	842	1
1	62	1
1	2119	1
2	1686	1
2	684	1
2	784	1
2	334	1
3	875	1
3	684	1
3	303	1
3	842	1
3	334	1
3	741	1
4	1686	1
4	684	1
4	1103	1
4	303	1
4	842	1
4	334	1
4	62	1
5	875	1
5	684	1
5	303	1
5	2383	1
5	741	1
6	2347	1
6	1686	1
6	1256	1
6	842	1
6	334	1
6	741	1
6	1360	1
7	1403	1
7	1875	1
7	853	1
7	333	1
7	1686	1
7	1374	1
7	1425	1
7	2383	1
7	2157	1
7	784	1
7	1386	1
7	1237	1
7	2051	1
7	379	1
7	842	1
7	1744	1
7	373	1
7	62	1
7	253	1
7	1372	1
8	1032	1
8	1422	1
8	2335	1
8	2347	1
8	2239	1
8	234	1
8	2273	1
8	1548	1
8	661	1
8	188	1
8	395	1
8	2101	1
8	1213	1
8	1084	1
8	1941	1
8	308	1
8	506	1
8	1883	1
8	1387	1
8	1677	1
9	2186	1
9	875	1
9	675	1
9	1469	1
9	1686	1
9	2231	1
9	1277	1
9	2383	1
9	2157	1
9	842	1
9	1783	1
10	1025	1
10	1422	1
10	537	1
10	2239	1
10	1739	1
10	1213	1
10	1084	1
10	1457	1
10	1387	1
11	1686	1
11	2321	1
11	1253	1
11	881	1
11	653	1
11	2092	1
11	307	1
11	334	1
11	1551	1
12	937	1
12	2109	1
12	1033	1
12	1380	1
12	1402	1
12	1228	1
12	1204	1
12	2383	1
12	653	1
12	1769	1
12	129	1
12	1941	1
12	307	1
12	1557	1
12	842	1
12	334	1
12	741	1
12	62	1
12	2375	1
12	1746	1
13	1875	1
13	1232	1
13	1469	1
13	2347	1
13	1204	1
13	1253	1
13	450	1
13	2092	1
13	1941	1
13	1541	1
13	1540	1
13	438	1
13	2216	1
13	535	1
13	1677	1
14	875	1
14	1686	1
14	684	1
14	954	1
14	334	1
14	62	1
14	2216	1
15	614	1
15	327	1
15	2347	1
15	1447	1
15	1178	1
16	1469	1
16	1033	1
16	1686	1
16	684	1
16	1253	1
16	2383	1
16	1700	1
16	2157	1
16	1601	1
16	1540	1
16	1557	1
16	334	1
16	1180	1
16	373	1
16	1581	1
16	62	1
16	1458	1
16	1794	1
17	989	1
17	865	1
17	785	1
17	642	1
17	2377	1
17	333	1
17	174	1
17	1686	1
17	2298	1
17	547	1
17	1374	1
17	2231	1
17	1173	1
17	1204	1
17	1057	1
17	303	1
17	749	1
17	653	1
17	794	1
17	2157	1
17	488	1
17	842	1
17	1138	1
17	62	1
17	2112	1
17	572	1
18	1686	1
18	1380	1
18	2298	1
18	1228	1
18	1172	1
18	1505	1
18	954	1
18	8	1
18	2375	1
19	865	1
19	255	1
19	2347	1
19	1686	1
19	684	1
19	1204	1
19	189	1
19	1949	1
19	1958	1
19	303	1
19	2383	1
19	749	1
19	129	1
19	2157	1
19	1088	1
19	1580	1
19	1168	1
19	1917	1
19	2343	1
19	842	1
19	1579	1
19	373	1
19	2017	1
19	917	1
19	1687	1
20	865	1
20	1998	1
20	1033	1
20	2231	1
20	1173	1
20	1700	1
20	2092	1
20	2112	1
21	614	1
21	1558	1
21	794	1
21	1094	1
21	741	1
21	808	1
22	675	1
22	455	1
22	1830	1
22	2383	1
22	240	1
22	1088	1
22	842	1
22	741	1
22	1581	1
22	533	1
22	1677	1
23	875	1
23	250	1
23	333	1
23	275	1
23	1033	1
23	1686	1
23	467	1
23	1374	1
23	1256	1
23	1050	1
23	653	1
23	954	1
23	1941	1
23	2157	1
23	1088	1
23	712	1
23	334	1
23	741	1
23	1736	1
23	1287	1
23	2057	1
23	1677	1
24	1232	1
24	1469	1
24	1033	1
24	1098	1
24	2231	1
24	1253	1
24	303	1
24	954	1
24	1941	1
24	572	1
25	1253	1
25	307	1
25	842	1
25	741	1
25	373	1
25	438	1
26	675	1
26	684	1
26	741	1
26	252	1
27	1174	1
27	794	1
27	1088	1
27	741	1
27	2304	1
27	1581	1
28	875	1
28	455	1
28	1686	1
28	653	1
28	1728	1
28	307	1
28	741	1
28	2057	1
29	875	1
29	1232	1
29	629	1
29	2347	1
29	1033	1
29	1686	1
29	684	1
29	1277	1
29	653	1
29	1941	1
29	842	1
29	17	1
29	1677	1
30	1232	1
30	1694	1
30	1098	1
30	1050	1
30	842	1
30	572	1
31	875	1
31	1925	1
31	1050	1
31	1941	1
31	842	1
31	741	1
32	1232	1
32	1469	1
32	807	1
32	1033	1
32	1686	1
32	1098	1
32	2231	1
32	1253	1
32	1215	1
32	1149	1
32	1941	1
32	842	1
32	334	1
33	455	1
33	807	1
33	1050	1
33	1830	1
33	307	1
33	1088	1
33	1254	1
33	842	1
33	741	1
33	2304	1
33	252	1
34	989	1
34	1469	1
34	1033	1
34	1088	1
34	842	1
34	741	1
35	1686	1
35	684	1
35	2100	1
35	2416	1
35	1769	1
35	334	1
35	151	1
35	62	1
35	1809	1
36	1686	1
36	1402	1
36	2078	1
36	716	1
36	246	1
36	81	1
36	571	1
36	842	1
36	334	1
36	62	1
37	2347	1
37	684	1
37	1228	1
37	1253	1
37	954	1
37	842	1
37	334	1
37	62	1
38	1469	1
38	1033	1
38	1686	1
38	684	1
38	1103	1
38	1253	1
38	2383	1
38	653	1
38	842	1
38	334	1
38	741	1
38	62	1
39	875	1
39	2377	1
39	1232	1
39	467	1
39	684	1
39	1374	1
39	1103	1
39	2110	1
39	682	1
39	1941	1
39	1088	1
39	969	1
39	842	1
39	1488	1
39	334	1
39	693	1
39	572	1
39	2216	1
40	1252	1
40	1101	1
40	333	1
40	2360	1
40	1236	1
40	1694	1
40	2347	1
40	1686	1
40	1312	1
40	684	1
40	681	1
40	1374	1
40	293	1
40	1050	1
40	1253	1
40	775	1
40	2090	1
40	2157	1
40	1432	1
40	784	1
40	1386	1
40	1154	1
40	1240	1
40	2051	1
40	379	1
40	1019	1
40	132	1
40	334	1
40	1233	1
40	2304	1
40	17	1
40	373	1
40	1581	1
40	253	1
40	347	1
40	1049	1
40	2017	1
40	535	1
40	1502	1
41	1891	1
41	1119	1
41	50	1
41	433	1
41	875	1
41	2377	1
41	1232	1
41	243	1
41	1562	1
41	2009	1
41	2347	1
41	1686	1
41	2280	1
41	930	1
41	2184	1
41	1425	1
41	1253	1
41	2419	1
41	2196	1
41	369	1
41	2090	1
41	516	1
41	1323	1
41	240	1
41	307	1
41	379	1
41	805	1
41	1736	1
41	95	1
41	533	1
41	62	1
41	494	1
41	821	1
41	535	1
41	1502	1
41	1426	1
42	537	1
42	1686	1
42	684	1
42	1103	1
42	2267	1
42	867	1
42	1941	1
42	2157	1
42	1254	1
42	842	1
42	334	1
42	1746	1
42	1426	1
43	875	1
43	2347	1
43	1686	1
43	1228	1
43	1374	1
43	1204	1
43	707	1
43	2383	1
43	992	1
43	653	1
43	271	1
43	129	1
43	954	1
43	741	1
43	62	1
43	1677	1
44	1232	1
44	1033	1
44	1686	1
44	684	1
44	954	1
44	1941	1
44	741	1
45	455	1
45	1033	1
45	1686	1
45	1228	1
45	1253	1
45	794	1
45	1088	1
45	842	1
45	1488	1
45	62	1
45	917	1
46	1232	1
46	2347	1
46	1033	1
46	1686	1
46	467	1
46	1256	1
46	831	1
46	303	1
46	2383	1
46	1955	1
46	653	1
46	842	1
46	1488	1
46	741	1
46	49	1
46	17	1
46	62	1
46	1652	1
46	396	1
47	1101	1
47	875	1
47	2377	1
47	1232	1
47	1694	1
47	537	1
47	1686	1
47	467	1
47	684	1
47	1098	1
47	952	1
47	1256	1
47	303	1
47	395	1
47	653	1
47	1584	1
47	794	1
47	1286	1
47	2092	1
47	1088	1
47	623	1
47	1420	1
47	539	1
47	842	1
47	1488	1
47	334	1
47	741	1
47	871	1
47	1736	1
47	17	1
47	256	1
47	62	1
47	572	1
47	1426	1
48	2205	1
48	250	1
48	1232	1
48	1236	1
48	1033	1
48	2231	1
48	1253	1
48	867	1
48	667	1
48	2092	1
48	1941	1
48	539	1
48	842	1
48	741	1
48	2330	1
48	482	1
49	967	1
49	807	1
49	537	1
49	1686	1
49	684	1
49	1374	1
49	2231	1
49	1204	1
49	930	1
49	2130	1
49	1046	1
49	2090	1
49	954	1
49	2402	1
49	569	1
49	1088	1
49	842	1
49	1488	1
49	438	1
49	2216	1
50	989	1
50	875	1
50	250	1
50	1469	1
50	1033	1
50	1686	1
50	983	1
50	1228	1
50	1374	1
50	294	1
50	1256	1
50	1253	1
50	395	1
50	653	1
50	741	1
50	1455	1
50	1736	1
50	1981	1
50	2057	1
50	1677	1
51	1232	1
51	333	1
51	1686	1
51	424	1
51	1056	1
51	684	1
51	1059	1
51	1714	1
51	1374	1
51	1050	1
51	1253	1
51	303	1
51	1584	1
51	1286	1
51	1941	1
51	307	1
51	1109	1
51	1254	1
51	741	1
51	2057	1
51	1974	1
52	937	1
52	875	1
52	333	1
52	675	1
52	1686	1
52	684	1
52	1228	1
52	1261	1
52	2321	1
52	1256	1
52	1830	1
52	1253	1
52	1277	1
52	1046	1
52	1149	1
52	307	1
52	842	1
52	49	1
52	124	1
52	1287	1
52	2375	1
53	989	1
53	875	1
53	1232	1
53	2347	1
53	1686	1
53	1059	1
53	1374	1
53	1204	1
53	1057	1
53	303	1
53	2383	1
53	653	1
53	1941	1
53	1088	1
53	842	1
53	741	1
53	1783	1
53	404	1
54	1875	1
54	875	1
54	2121	1
54	560	1
54	1686	1
54	684	1
54	1256	1
54	303	1
54	2383	1
54	653	1
54	1941	1
54	539	1
54	842	1
54	741	1
54	17	1
55	2186	1
55	875	1
55	1232	1
55	333	1
55	629	1
55	2347	1
55	467	1
55	2163	1
55	1307	1
55	1830	1
55	2383	1
55	653	1
55	125	1
55	557	1
55	1286	1
55	954	1
55	1088	1
55	712	1
55	334	1
55	1783	1
55	533	1
55	62	1
55	2057	1
55	883	1
56	989	1
56	875	1
56	2347	1
56	1033	1
56	1686	1
56	684	1
56	1059	1
56	1374	1
56	1253	1
56	1277	1
56	303	1
56	2097	1
56	1941	1
56	1088	1
56	1254	1
56	842	1
56	2065	1
56	1783	1
56	1287	1
56	1426	1
57	1686	1
57	684	1
57	307	1
57	842	1
57	741	1
57	1426	1
58	1232	1
58	1469	1
58	2347	1
58	1228	1
58	2231	1
58	1253	1
58	303	1
58	749	1
58	1769	1
58	1941	1
58	741	1
58	17	1
58	1652	1
58	1426	1
59	989	1
59	2347	1
59	684	1
59	2267	1
59	2300	1
59	842	1
59	741	1
59	1677	1
60	2377	1
60	1232	1
60	1694	1
60	467	1
60	684	1
60	1228	1
60	1714	1
60	1050	1
60	1936	1
60	1286	1
60	2294	1
60	1109	1
60	539	1
60	2161	1
60	1652	1
61	937	1
61	875	1
61	675	1
61	455	1
61	1686	1
61	684	1
61	307	1
61	1088	1
61	1254	1
61	842	1
61	334	1
61	1736	1
61	1426	1
62	875	1
62	1033	1
62	842	1
62	741	1
62	17	1
63	785	1
63	875	1
63	1469	1
63	1033	1
63	1374	1
63	2231	1
63	1204	1
63	314	1
63	1230	1
63	303	1
63	653	1
63	712	1
63	1736	1
63	256	1
63	62	1
63	2112	1
63	1794	1
63	1426	1
64	433	1
64	1729	1
64	2377	1
64	1232	1
64	1694	1
64	1033	1
64	1686	1
64	1075	1
64	606	1
64	1286	1
64	718	1
64	503	1
64	1109	1
64	539	1
64	741	1
64	1006	1
64	2440	1
64	801	1
65	989	1
65	1101	1
65	333	1
65	967	1
65	227	1
65	537	1
65	1686	1
65	1103	1
65	1204	1
65	1253	1
65	2419	1
65	682	1
65	129	1
65	954	1
65	2157	1
65	2343	1
65	842	1
65	741	1
65	1736	1
65	1242	1
65	1049	1
66	937	1
66	1875	1
66	255	1
66	2409	1
66	875	1
66	1729	1
66	333	1
66	455	1
66	2347	1
66	1686	1
66	415	1
66	684	1
66	1228	1
66	2321	1
66	1204	1
66	1256	1
66	2267	1
66	1830	1
66	1955	1
66	749	1
66	653	1
66	1769	1
66	80	1
66	954	1
66	2157	1
66	2332	1
66	1088	1
66	1991	1
66	348	1
66	1019	1
66	741	1
66	1736	1
66	49	1
66	181	1
66	1915	1
66	17	1
66	1242	1
66	8	1
66	1551	1
66	1342	1
66	30	1
67	2347	1
67	1033	1
67	1686	1
67	684	1
67	1204	1
67	1050	1
67	653	1
67	17	1
67	2216	1
68	1875	1
68	2169	1
68	2347	1
68	741	1
68	1581	1
69	875	1
69	1232	1
69	455	1
69	684	1
69	867	1
69	2383	1
69	2207	1
69	1941	1
69	842	1
69	17	1
69	535	1
69	1677	1
70	1797	1
70	2169	1
70	2377	1
70	2347	1
70	1033	1
70	1686	1
70	1050	1
70	2383	1
70	653	1
70	17	1
70	1581	1
70	1677	1
71	1232	1
71	2347	1
71	1686	1
71	467	1
71	1059	1
71	303	1
71	539	1
71	842	1
71	1652	1
72	937	1
72	479	1
72	989	1
72	2132	1
72	875	1
72	1763	1
72	2377	1
72	1694	1
72	2347	1
72	1686	1
72	424	1
72	467	1
72	1056	1
72	1374	1
72	1098	1
72	1762	1
72	1256	1
72	1050	1
72	918	1
72	303	1
72	2383	1
72	2113	1
72	557	1
72	80	1
72	1941	1
72	364	1
72	488	1
72	195	1
72	1269	1
72	741	1
72	1783	1
72	396	1
72	572	1
73	2132	1
73	2347	1
73	1686	1
73	684	1
73	1050	1
73	1936	1
73	2065	1
73	1581	1
73	62	1
74	1633	1
74	1469	1
74	1686	1
74	983	1
74	1830	1
74	2383	1
74	806	1
74	307	1
74	842	1
74	334	1
74	49	1
74	17	1
74	62	1
74	2375	1
74	1677	1
75	455	1
75	560	1
75	1686	1
75	1050	1
75	1941	1
75	569	1
75	1665	1
75	334	1
75	741	1
76	887	1
76	1469	1
76	1033	1
76	1686	1
76	467	1
76	684	1
76	1374	1
76	1256	1
76	1277	1
76	2157	1
76	2332	1
76	334	1
76	49	1
76	2375	1
77	875	1
77	1232	1
77	2347	1
77	684	1
77	80	1
77	954	1
77	1941	1
77	307	1
77	1581	1
77	633	1
77	2119	1
77	30	1
78	467	1
78	684	1
78	2321	1
78	741	1
79	937	1
79	989	1
79	1686	1
79	303	1
79	1088	1
79	842	1
79	741	1
80	865	1
80	455	1
80	1713	1
80	1033	1
80	467	1
80	10	1
80	1374	1
80	707	1
80	189	1
80	1253	1
80	1277	1
80	749	1
80	331	1
80	2092	1
80	1941	1
80	1093	1
80	842	1
80	741	1
80	1579	1
80	62	1
80	572	1
80	603	1
81	1469	1
81	1686	1
81	1374	1
82	1469	1
82	1713	1
82	1033	1
82	1686	1
83	1633	1
83	1469	1
83	2347	1
83	1033	1
83	1686	1
83	684	1
83	1808	1
83	1830	1
83	2383	1
83	1215	1
83	1088	1
83	842	1
83	741	1
83	49	1
83	373	1
83	62	1
83	1287	1
83	1426	1
84	1797	1
84	989	1
84	1875	1
84	875	1
84	333	1
84	275	1
84	2058	1
84	203	1
84	1787	1
84	251	1
84	1033	1
84	1686	1
84	684	1
84	1228	1
84	1098	1
84	144	1
84	2231	1
84	1173	1
84	314	1
84	2267	1
84	1830	1
84	1253	1
84	2383	1
84	749	1
84	1149	1
84	2080	1
84	1769	1
84	2248	1
84	1936	1
84	80	1
84	954	1
84	1097	1
84	1094	1
84	1088	1
84	1254	1
84	1851	1
84	842	1
84	334	1
84	741	1
84	1138	1
84	2304	1
84	49	1
84	1648	1
84	17	1
84	373	1
84	62	1
84	2112	1
84	1766	1
84	1360	1
84	272	1
84	572	1
84	2141	1
84	1287	1
84	1677	1
84	1465	1
84	1987	1
84	688	1
85	2377	1
85	1050	1
85	1941	1
85	741	1
85	181	1
86	937	1
86	2377	1
86	1232	1
86	2347	1
86	251	1
86	1033	1
86	1686	1
86	684	1
86	1374	1
86	1204	1
86	919	1
86	1050	1
86	1568	1
86	1830	1
86	653	1
86	794	1
86	996	1
86	1540	1
86	307	1
86	842	1
86	741	1
86	49	1
86	17	1
86	1581	1
86	62	1
86	572	1
86	2440	1
87	783	1
87	255	1
87	875	1
87	2377	1
87	675	1
87	1469	1
87	1713	1
87	1033	1
87	1228	1
87	1098	1
87	2231	1
87	2383	1
87	954	1
87	1941	1
87	1432	1
87	307	1
87	334	1
87	181	1
87	373	1
87	62	1
87	736	1
87	2057	1
88	1469	1
88	1686	1
88	1253	1
88	653	1
88	794	1
88	2157	1
88	307	1
88	1088	1
88	842	1
88	741	1
88	181	1
89	989	1
89	2347	1
89	1686	1
89	1204	1
89	1256	1
89	1253	1
89	2310	1
89	1160	1
89	842	1
90	1421	1
90	1686	1
90	2231	1
90	867	1
90	784	1
90	1386	1
90	1581	1
90	917	1
91	989	1
91	1119	1
91	1633	1
91	255	1
91	1998	1
91	2347	1
91	537	1
91	1380	1
91	2298	1
91	698	1
91	2321	1
91	2267	1
91	2005	1
91	1253	1
91	2383	1
91	395	1
91	1215	1
91	1933	1
91	1769	1
91	78	1
91	80	1
91	319	1
91	954	1
91	1540	1
91	499	1
91	784	1
91	712	1
91	510	1
91	1052	1
91	2051	1
91	842	1
91	1744	1
91	1736	1
91	990	1
91	17	1
91	917	1
91	2216	1
91	1287	1
91	2375	1
91	30	1
91	1166	1
91	1426	1
92	1633	1
92	255	1
92	1748	1
92	1998	1
92	698	1
92	1374	1
92	2321	1
92	1216	1
92	200	1
92	2190	1
92	205	1
92	129	1
92	1540	1
92	307	1
92	1603	1
92	650	1
92	22	1
92	1557	1
92	1956	1
92	842	1
92	714	1
92	1564	1
92	1001	1
92	917	1
92	1565	1
92	2119	1
92	2091	1
93	1256	1
93	653	1
93	2092	1
93	2412	1
93	842	1
93	713	1
94	333	1
94	223	1
94	1469	1
94	1033	1
94	2231	1
94	1830	1
94	653	1
94	2092	1
94	842	1
94	113	1
94	2017	1
95	2205	1
95	1119	1
95	865	1
95	1875	1
95	875	1
95	1422	1
95	223	1
95	1236	1
95	1787	1
95	729	1
95	1739	1
95	698	1
95	1390	1
95	1103	1
95	1098	1
95	2162	1
95	1173	1
95	1204	1
95	2240	1
95	2383	1
95	2249	1
95	653	1
95	1149	1
95	1789	1
95	2092	1
95	1212	1
95	954	1
95	1941	1
95	1130	1
95	307	1
95	1094	1
95	1088	1
95	1262	1
95	732	1
95	1557	1
95	842	1
95	113	1
95	334	1
95	741	1
95	1736	1
95	17	1
95	373	1
95	62	1
95	463	1
95	438	1
95	572	1
95	1677	1
95	801	1
95	1104	1
95	688	1
96	989	1
96	1119	1
96	1875	1
96	455	1
96	1675	1
96	1686	1
96	1261	1
96	2321	1
96	1204	1
96	1256	1
96	1621	1
96	341	1
96	2383	1
96	395	1
96	1955	1
96	1769	1
96	913	1
96	2157	1
96	1088	1
96	1386	1
96	1254	1
96	1557	1
96	334	1
96	2361	1
96	49	1
96	17	1
96	62	1
96	693	1
96	2375	1
96	635	1
96	1342	1
96	30	1
96	1426	1
97	684	1
97	205	1
97	1956	1
97	2051	1
97	256	1
97	253	1
97	2119	1
97	740	1
98	875	1
98	1253	1
98	842	1
98	334	1
98	741	1
98	62	1
99	1232	1
99	1469	1
99	537	1
99	1374	1
99	2231	1
99	1253	1
99	794	1
99	1581	1
100	626	1
100	783	1
100	1101	1
100	1358	1
100	862	1
100	622	1
100	281	1
100	1562	1
100	1694	1
100	487	1
100	436	1
100	1935	1
100	1686	1
100	1312	1
100	467	1
100	1925	1
100	2163	1
100	2180	1
100	1374	1
100	1999	1
100	1527	1
100	2231	1
100	874	1
100	1253	1
100	1143	1
100	303	1
100	994	1
100	472	1
100	794	1
100	1936	1
100	1286	1
100	1160	1
100	1941	1
100	1109	1
100	476	1
100	195	1
100	348	1
100	969	1
100	842	1
100	1488	1
100	1614	1
100	17	1
100	2216	1
101	1693	1
101	875	1
101	675	1
101	446	1
101	1033	1
101	1686	1
101	1390	1
101	1228	1
101	1098	1
101	1830	1
101	1230	1
101	2383	1
101	2393	1
101	653	1
101	1149	1
101	1150	1
101	1769	1
101	307	1
101	1088	1
101	356	1
101	1557	1
101	2404	1
101	842	1
101	334	1
101	49	1
101	909	1
101	1287	1
101	1009	1
101	2119	1
101	1465	1
102	1421	1
102	1713	1
102	1626	1
102	1557	1
102	1956	1
102	334	1
102	256	1
102	2119	1
103	989	1
103	2347	1
103	1390	1
103	684	1
103	1204	1
103	1256	1
103	129	1
103	954	1
103	1557	1
103	842	1
103	334	1
104	989	1
104	1380	1
104	581	1
104	954	1
104	784	1
104	842	1
104	741	1
104	2336	1
104	917	1
104	2119	1
105	937	1
105	1469	1
105	2347	1
105	1033	1
105	1686	1
105	1380	1
105	1204	1
105	1721	1
105	303	1
105	1557	1
105	842	1
105	334	1
105	8	1
105	917	1
105	2375	1
105	1746	1
105	2119	1
106	1693	1
106	1686	1
106	684	1
106	1644	1
106	1256	1
106	2383	1
106	1149	1
106	2185	1
106	45	1
106	954	1
106	240	1
106	1088	1
106	352	1
106	334	1
106	62	1
106	1551	1
107	1686	1
107	1540	1
107	842	1
107	334	1
107	741	1
107	256	1
108	1403	1
108	1787	1
108	249	1
108	1149	1
108	2365	1
108	1769	1
108	1799	1
108	307	1
108	1851	1
108	1052	1
108	842	1
109	1050	1
109	2383	1
109	741	1
110	875	1
110	867	1
110	2383	1
110	1873	1
110	1557	1
110	334	1
110	741	1
110	2304	1
111	1469	1
111	867	1
111	2092	1
111	3	1
111	1557	1
111	842	1
111	2375	1
112	1403	1
112	1686	1
112	684	1
112	867	1
112	1601	1
112	784	1
112	1557	1
112	334	1
112	151	1
112	917	1
113	1686	1
113	1380	1
113	684	1
113	867	1
113	784	1
114	954	1
114	1540	1
114	1557	1
114	842	1
114	917	1
114	2375	1
115	989	1
115	1421	1
115	1686	1
115	1380	1
115	684	1
115	1801	1
115	205	1
115	954	1
115	784	1
115	1557	1
115	334	1
115	741	1
115	2375	1
116	614	1
116	1380	1
116	2156	1
116	975	1
116	1230	1
116	1642	1
116	115	1
116	654	1
117	2132	1
117	1232	1
117	1033	1
117	1686	1
117	1374	1
117	1098	1
117	1769	1
117	334	1
117	741	1
117	1736	1
117	181	1
118	1050	1
118	1936	1
118	1941	1
118	1109	1
118	2443	1
118	2216	1
119	684	1
119	1050	1
119	2383	1
119	741	1
120	1232	1
120	2347	1
120	1033	1
120	467	1
120	684	1
120	1714	1
120	1050	1
120	2383	1
120	1941	1
120	842	1
120	741	1
121	1236	1
121	537	1
121	1033	1
121	1686	1
121	1098	1
121	1941	1
121	1088	1
121	1254	1
121	842	1
121	17	1
121	62	1
121	917	1
122	783	1
122	1101	1
122	875	1
122	2377	1
122	1232	1
122	281	1
122	455	1
122	1694	1
122	2347	1
122	807	1
122	537	1
122	1686	1
122	684	1
122	1228	1
122	104	1
122	1374	1
122	1098	1
122	707	1
122	1423	1
122	1253	1
122	653	1
122	2196	1
122	557	1
122	794	1
122	954	1
122	1941	1
122	2402	1
122	1866	1
122	1523	1
122	1088	1
122	2181	1
122	370	1
122	539	1
122	1488	1
122	334	1
122	62	1
122	693	1
122	535	1
122	1574	1
122	603	1
123	1403	1
123	1799	1
123	1601	1
123	1851	1
123	842	1
123	62	1
123	909	1
123	272	1
124	1891	1
124	2347	1
124	1686	1
124	684	1
124	1769	1
124	954	1
124	1557	1
124	2343	1
124	842	1
124	95	1
124	8	1
125	1998	1
125	1033	1
125	1380	1
125	1402	1
125	1801	1
125	1172	1
125	1516	1
125	682	1
125	129	1
125	954	1
125	3	1
125	1557	1
125	842	1
125	334	1
125	62	1
125	917	1
125	2119	1
126	937	1
126	989	1
126	1119	1
126	1633	1
126	1421	1
126	1711	1
126	2286	1
126	1469	1
126	446	1
126	1998	1
126	2347	1
126	1033	1
126	1686	1
126	1380	1
126	2298	1
126	698	1
126	684	1
126	1228	1
126	1204	1
126	1256	1
126	2267	1
126	395	1
126	1955	1
126	749	1
126	1172	1
126	1514	1
126	558	1
126	1516	1
126	794	1
126	4	1
126	205	1
126	2157	1
126	1540	1
126	499	1
126	2369	1
126	1106	1
126	1088	1
126	1231	1
126	488	1
126	1956	1
126	842	1
126	714	1
126	334	1
126	741	1
126	1736	1
126	151	1
126	62	1
126	239	1
126	1922	1
126	1746	1
126	2119	1
126	689	1
127	1875	1
127	807	1
127	1033	1
127	1686	1
127	684	1
127	1374	1
127	1103	1
127	1204	1
127	1941	1
127	1088	1
127	1557	1
127	334	1
127	741	1
127	62	1
127	917	1
127	272	1
127	438	1
127	2216	1
128	875	1
128	1686	1
128	1941	1
128	741	1
129	937	1
129	1119	1
129	1748	1
129	333	1
129	2360	1
129	1236	1
129	2347	1
129	251	1
129	1380	1
129	2298	1
129	1204	1
129	1384	1
129	2267	1
129	1172	1
129	653	1
129	1769	1
129	129	1
129	954	1
129	1941	1
129	3	1
129	1540	1
129	1557	1
129	1578	1
129	842	1
129	334	1
129	741	1
129	17	1
129	1287	1
129	2091	1
130	675	1
130	455	1
130	1236	1
130	251	1
130	537	1
130	1374	1
130	2231	1
130	1253	1
130	303	1
130	2383	1
130	567	1
130	1160	1
130	1941	1
130	1386	1
130	712	1
130	842	1
130	741	1
130	17	1
130	2216	1
130	635	1
131	255	1
131	1232	1
131	2347	1
131	537	1
131	1228	1
131	1941	1
131	569	1
131	62	1
131	2216	1
131	1776	1
131	1076	1
132	1232	1
132	1686	1
132	1098	1
132	1941	1
132	1386	1
133	1232	1
133	1050	1
133	1941	1
133	17	1
133	2216	1
134	2169	1
134	255	1
134	2079	1
134	455	1
134	2347	1
134	684	1
134	1374	1
134	1204	1
134	952	1
134	395	1
134	1873	1
134	129	1
134	1941	1
134	732	1
134	2343	1
134	334	1
134	1915	1
134	62	1
134	917	1
134	1551	1
134	2216	1
134	635	1
135	1402	1
135	334	1
136	1891	1
136	255	1
136	333	1
136	2360	1
136	1236	1
136	2347	1
136	1686	1
136	1941	1
136	842	1
136	934	1
136	1736	1
136	62	1
136	2216	1
136	808	1
137	1232	1
137	2347	1
137	1050	1
137	1253	1
137	2216	1
138	1232	1
138	2347	1
138	1941	1
138	741	1
138	2216	1
139	937	1
139	875	1
139	1253	1
139	867	1
139	1540	1
139	842	1
139	256	1
140	1232	1
140	2191	1
140	455	1
140	1469	1
140	2347	1
140	1686	1
140	1374	1
140	1103	1
140	864	1
140	1256	1
140	1253	1
140	787	1
140	653	1
140	1149	1
140	1769	1
140	45	1
140	1586	1
140	842	1
140	741	1
140	1736	1
140	17	1
140	1551	1
140	1525	1
141	1729	1
141	1232	1
141	333	1
141	1694	1
141	2347	1
141	1033	1
141	1686	1
141	190	1
141	1941	1
141	373	1
141	438	1
141	572	1
142	989	1
142	642	1
142	1711	1
142	333	1
142	1686	1
142	684	1
142	1253	1
142	867	1
142	1769	1
142	1426	1
143	2347	1
143	1713	1
143	1374	1
143	1204	1
143	1253	1
143	1941	1
143	1088	1
143	1736	1
143	373	1
143	1426	1
144	1050	1
144	1253	1
144	749	1
144	2157	1
144	842	1
144	334	1
144	741	1
144	62	1
145	1119	1
145	1875	1
145	255	1
145	1686	1
145	1925	1
145	1204	1
145	1050	1
145	1253	1
145	749	1
145	2097	1
145	1769	1
145	1636	1
145	898	1
145	842	1
145	1736	1
145	1783	1
145	62	1
145	1458	1
146	1119	1
146	1875	1
146	250	1
146	1236	1
146	1686	1
146	684	1
146	1540	1
146	712	1
146	1321	1
146	741	1
146	62	1
146	396	1
146	1766	1
146	1677	1
146	1608	1
147	989	1
147	875	1
147	1686	1
147	1380	1
147	684	1
147	1050	1
147	2383	1
147	1149	1
147	1769	1
147	1331	1
147	1601	1
147	1131	1
147	307	1
147	1557	1
147	842	1
147	334	1
147	147	1
147	151	1
147	1287	1
147	2375	1
147	2119	1
147	1426	1
148	937	1
148	2205	1
148	1232	1
148	333	1
148	675	1
148	455	1
148	1469	1
148	967	1
148	1686	1
148	1630	1
148	684	1
148	1644	1
148	1374	1
148	453	1
148	1007	1
148	886	1
148	314	1
148	1256	1
148	955	1
148	1253	1
148	787	1
148	1086	1
148	749	1
148	992	1
148	1149	1
148	495	1
148	468	1
148	1150	1
148	1769	1
148	1676	1
148	2185	1
148	2364	1
148	2106	1
148	184	1
148	954	1
148	1941	1
148	2157	1
148	307	1
148	1094	1
148	712	1
148	2250	1
148	859	1
148	1052	1
148	475	1
148	842	1
148	334	1
148	741	1
148	1023	1
148	1877	1
148	49	1
148	693	1
148	1458	1
148	917	1
148	438	1
148	1287	1
149	937	1
149	2169	1
149	255	1
149	1469	1
149	2347	1
149	698	1
149	1204	1
149	1253	1
149	2097	1
149	1769	1
149	205	1
149	954	1
149	1088	1
149	1578	1
149	1956	1
149	842	1
149	334	1
149	1736	1
149	49	1
149	256	1
149	917	1
149	1071	1
149	1525	1
150	989	1
150	875	1
150	470	1
150	2215	1
150	1174	1
150	251	1
150	698	1
150	1256	1
150	2383	1
150	653	1
150	954	1
150	2283	1
150	1088	1
150	1736	1
150	49	1
150	2230	1
150	1426	1
151	2205	1
151	1119	1
151	455	1
151	1469	1
151	1474	1
151	251	1
151	415	1
151	684	1
151	1644	1
151	1204	1
151	2267	1
151	1830	1
151	787	1
151	749	1
151	653	1
151	954	1
151	1941	1
151	307	1
151	1088	1
151	1052	1
151	842	1
151	334	1
151	741	1
151	1416	1
151	309	1
151	1766	1
151	945	1
152	2215	1
152	1174	1
152	455	1
152	1050	1
152	2383	1
152	842	1
152	334	1
153	875	1
153	1232	1
153	470	1
153	1686	1
153	467	1
153	1374	1
153	0	1
153	1253	1
153	2383	1
153	591	1
153	1929	1
153	1160	1
153	1941	1
153	1866	1
153	62	1
153	736	1
154	1119	1
154	2169	1
154	2347	1
154	1204	1
154	1253	1
154	591	1
154	1841	1
154	1088	1
154	842	1
154	741	1
154	17	1
154	1242	1
154	603	1
155	1797	1
155	1003	1
155	622	1
155	281	1
155	2206	1
155	1694	1
155	537	1
155	1374	1
155	1098	1
155	0	1
155	832	1
155	2152	1
155	1445	1
155	2383	1
155	749	1
155	125	1
155	1903	1
155	450	1
155	1941	1
155	569	1
155	986	1
155	1258	1
155	112	1
155	611	1
155	1614	1
155	247	1
155	373	1
155	572	1
155	1104	1
155	273	1
155	1577	1
155	2315	1
155	603	1
156	1797	1
156	433	1
156	333	1
156	1562	1
156	2206	1
156	1694	1
156	2052	1
156	537	1
156	1033	1
156	1228	1
156	1098	1
156	2152	1
156	1445	1
156	1253	1
156	303	1
156	145	1
156	1903	1
156	190	1
156	450	1
156	1160	1
156	569	1
156	986	1
156	1258	1
156	334	1
156	206	1
156	1614	1
156	247	1
156	1919	1
156	736	1
156	1520	1
156	572	1
156	1104	1
156	273	1
156	1577	1
156	2315	1
156	2307	1
157	937	1
157	989	1
157	1119	1
157	1633	1
157	1421	1
157	433	1
157	675	1
157	1469	1
157	1694	1
157	2347	1
157	1033	1
157	2298	1
157	698	1
157	509	1
157	1098	1
157	1653	1
157	1173	1
157	1204	1
157	653	1
157	1769	1
157	205	1
157	954	1
157	1941	1
157	1578	1
157	334	1
157	741	1
157	49	1
157	181	1
157	373	1
157	8	1
157	917	1
157	1880	1
157	1287	1
157	1746	1
157	1342	1
157	1426	1
158	989	1
158	1910	1
158	1403	1
158	1101	1
158	675	1
158	1469	1
158	2347	1
158	537	1
158	729	1
158	1686	1
158	467	1
158	10	1
158	1644	1
158	1374	1
158	1103	1
158	1830	1
158	1253	1
158	2383	1
158	749	1
158	1149	1
158	125	1
158	557	1
158	190	1
158	2106	1
158	954	1
158	611	1
158	842	1
158	974	1
158	49	1
159	1101	1
159	537	1
159	1686	1
159	1075	1
159	1253	1
159	1277	1
159	749	1
159	842	1
159	334	1
160	2169	1
160	1686	1
160	1050	1
160	842	1
160	334	1
160	62	1
161	1797	1
161	2205	1
161	989	1
161	1119	1
161	1875	1
161	875	1
161	338	1
161	675	1
161	455	1
161	1938	1
161	1096	1
161	1675	1
161	537	1
161	1686	1
161	835	1
161	1204	1
161	1253	1
161	303	1
161	2383	1
161	1086	1
161	749	1
161	1149	1
161	1676	1
161	80	1
161	954	1
161	2157	1
161	576	1
161	1088	1
161	1586	1
161	208	1
161	379	1
161	132	1
161	741	1
161	17	1
161	373	1
161	1581	1
161	693	1
161	253	1
161	438	1
161	2216	1
161	1414	1
162	1875	1
162	2169	1
162	2347	1
162	2383	1
162	379	1
162	842	1
162	1581	1
162	2216	1
163	1875	1
163	875	1
163	1686	1
163	1050	1
164	1686	1
164	684	1
164	1050	1
164	303	1
164	2383	1
164	129	1
164	1941	1
165	1686	1
165	1050	1
165	2383	1
165	129	1
165	1941	1
165	842	1
165	2216	1
166	1232	1
166	2347	1
166	537	1
166	1686	1
166	684	1
166	1098	1
166	653	1
166	1941	1
166	842	1
166	741	1
166	2216	1
166	1776	1
167	875	1
167	1236	1
167	1686	1
167	684	1
167	1374	1
167	2383	1
167	2419	1
167	842	1
167	334	1
167	741	1
167	1736	1
167	62	1
167	2216	1
168	1119	1
168	875	1
168	675	1
168	455	1
168	1686	1
168	1050	1
168	1253	1
168	379	1
168	334	1
168	1736	1
168	62	1
168	438	1
168	1287	1
168	1677	1
169	875	1
169	1694	1
169	1686	1
169	1050	1
169	1253	1
169	2419	1
169	749	1
169	1941	1
169	611	1
169	49	1
169	2216	1
170	255	1
170	875	1
170	1232	1
170	1469	1
170	251	1
170	1925	1
170	1374	1
170	0	1
170	1050	1
170	918	1
170	395	1
170	749	1
170	653	1
170	190	1
170	1519	1
170	129	1
170	2157	1
170	683	1
170	611	1
170	334	1
170	741	1
170	62	1
170	309	1
170	438	1
171	2169	1
171	1469	1
171	1686	1
171	1050	1
171	867	1
171	438	1
172	1204	1
172	1050	1
172	741	1
172	159	1
172	2016	1
172	438	1
173	2169	1
173	433	1
173	255	1
173	1232	1
173	1694	1
173	537	1
173	0	1
173	1050	1
173	749	1
173	2097	1
173	190	1
173	1941	1
173	741	1
173	309	1
174	2169	1
174	255	1
174	1232	1
174	1469	1
174	537	1
174	1686	1
174	1925	1
174	1204	1
174	303	1
174	190	1
174	1941	1
174	1130	1
174	1540	1
174	1109	1
174	683	1
174	1956	1
174	611	1
174	842	1
174	741	1
174	2016	1
174	736	1
174	438	1
175	255	1
175	1232	1
175	1686	1
175	1228	1
175	1204	1
175	1050	1
175	749	1
175	842	1
175	438	1
176	1910	1
176	433	1
176	1003	1
176	333	1
176	614	1
176	1469	1
176	1694	1
176	2347	1
176	537	1
176	1686	1
176	467	1
176	1925	1
176	2018	1
176	1098	1
176	1204	1
176	1050	1
176	918	1
176	1253	1
176	749	1
176	190	1
176	1519	1
176	1941	1
176	1130	1
176	1636	1
176	683	1
176	842	1
176	741	1
176	159	1
176	247	1
176	309	1
177	1797	1
177	989	1
177	1101	1
177	1875	1
177	922	1
177	1232	1
177	1528	1
177	1694	1
177	2347	1
177	251	1
177	537	1
177	1686	1
177	1374	1
177	1098	1
177	2231	1
177	1204	1
177	2069	1
177	1050	1
177	2184	1
177	89	1
177	303	1
177	749	1
177	2080	1
177	1160	1
177	1887	1
177	129	1
177	1941	1
177	2157	1
177	1130	1
177	691	1
177	2294	1
177	1093	1
177	1109	1
177	1258	1
177	842	1
177	741	1
177	214	1
177	62	1
177	2017	1
177	309	1
177	438	1
177	2216	1
177	1776	1
178	1101	1
178	2169	1
178	1232	1
178	333	1
178	2347	1
178	807	1
178	537	1
178	1374	1
178	0	1
178	1253	1
178	867	1
178	303	1
178	2097	1
178	190	1
178	129	1
178	1941	1
178	2157	1
178	683	1
178	611	1
178	842	1
178	741	1
178	2016	1
178	736	1
178	1776	1
179	2169	1
179	255	1
179	1232	1
179	333	1
179	1469	1
179	1694	1
179	2347	1
179	537	1
179	1033	1
179	1686	1
179	1925	1
179	0	1
179	1204	1
179	1050	1
179	303	1
179	749	1
179	1636	1
179	1956	1
179	438	1
180	1797	1
180	2169	1
180	1469	1
180	1694	1
180	2347	1
180	537	1
180	1686	1
180	467	1
180	1925	1
180	1228	1
180	1374	1
180	1098	1
180	1653	1
180	2231	1
180	1050	1
180	867	1
180	303	1
180	1375	1
180	749	1
180	1933	1
180	1130	1
180	898	1
180	1540	1
180	569	1
180	1299	1
180	1109	1
180	2241	1
180	842	1
180	159	1
180	256	1
180	2016	1
180	736	1
181	626	1
181	2169	1
181	809	1
181	333	1
181	1469	1
181	1694	1
181	525	1
181	1686	1
181	467	1
181	1925	1
181	337	1
181	1098	1
181	1050	1
181	918	1
181	1253	1
181	867	1
181	129	1
181	1941	1
181	410	1
181	842	1
181	256	1
181	2016	1
181	1624	1
182	1875	1
182	255	1
182	1232	1
182	1033	1
182	1925	1
182	1098	1
182	2231	1
182	1204	1
182	1050	1
182	1721	1
182	303	1
182	1519	1
182	682	1
182	129	1
182	1941	1
182	2157	1
182	1636	1
182	1540	1
182	1386	1
182	1109	1
182	1956	1
182	611	1
182	842	1
182	17	1
182	62	1
182	2016	1
182	438	1
183	2169	1
183	875	1
183	2347	1
183	1686	1
183	1050	1
183	334	1
183	741	1
183	17	1
183	2375	1
184	989	1
184	1403	1
184	1119	1
184	1236	1
184	1787	1
184	2347	1
184	1686	1
184	1925	1
184	1314	1
184	1374	1
184	1830	1
184	299	1
184	1253	1
184	303	1
184	129	1
184	1636	1
184	307	1
184	98	1
184	348	1
184	208	1
184	842	1
184	334	1
184	1744	1
184	1736	1
184	17	1
184	438	1
184	1529	1
185	1686	1
185	684	1
185	1050	1
186	1686	1
186	129	1
186	842	1
186	438	1
187	875	1
187	1003	1
187	1694	1
187	537	1
187	1686	1
187	684	1
187	1374	1
187	1204	1
187	1046	1
187	591	1
187	125	1
187	1941	1
187	569	1
187	62	1
187	2216	1
188	2169	1
188	875	1
188	1232	1
188	333	1
188	2347	1
188	2095	1
188	1660	1
188	525	1
188	1380	1
188	684	1
188	1228	1
188	1098	1
188	1653	1
188	0	1
188	189	1
188	395	1
188	653	1
188	1514	1
188	557	1
188	129	1
188	954	1
188	1941	1
188	1094	1
188	1557	1
188	842	1
188	1019	1
188	741	1
188	1001	1
188	62	1
188	8	1
188	2216	1
188	1926	1
189	937	1
189	1633	1
189	2169	1
189	1748	1
189	446	1
189	174	1
189	2298	1
189	1256	1
189	1955	1
189	1666	1
189	129	1
189	954	1
189	3	1
189	1718	1
189	714	1
189	741	1
189	2361	1
189	62	1
189	1416	1
189	239	1
189	48	1
189	917	1
189	1281	1
190	333	1
190	2347	1
190	1050	1
190	1253	1
190	741	1
190	62	1
191	2169	1
191	255	1
191	875	1
191	1232	1
191	675	1
191	455	1
191	560	1
191	525	1
191	1686	1
191	684	1
191	1374	1
191	1098	1
191	2231	1
191	1173	1
191	1204	1
191	1845	1
191	1253	1
191	2383	1
191	557	1
191	757	1
191	2092	1
191	1941	1
191	1462	1
191	9	1
191	683	1
191	741	1
191	17	1
191	48	1
191	438	1
192	1402	1
193	2264	1
193	2206	1
193	1686	1
193	1253	1
193	749	1
193	1514	1
193	334	1
193	62	1
194	537	1
194	1384	1
194	1050	1
194	1941	1
194	17	1
195	1797	1
195	989	1
195	865	1
195	255	1
195	1469	1
195	967	1
195	1938	1
195	2347	1
195	1686	1
195	983	1
195	1098	1
195	1204	1
195	1253	1
195	867	1
195	749	1
195	653	1
195	2090	1
195	1088	1
195	62	1
195	736	1
195	438	1
195	535	1
195	1677	1
195	1987	1
196	1050	1
196	1540	1
196	17	1
197	1101	1
197	255	1
197	1003	1
197	1694	1
197	2347	1
197	537	1
197	1098	1
197	1204	1
197	1253	1
197	303	1
197	1941	1
197	842	1
197	17	1
197	62	1
197	1551	1
197	2216	1
198	1875	1
198	1236	1
198	1686	1
198	684	1
198	2090	1
198	2157	1
198	842	1
198	334	1
198	741	1
198	62	1
199	2409	1
199	875	1
199	675	1
199	455	1
199	1236	1
199	446	1
199	2347	1
199	1086	1
199	2090	1
199	387	1
199	1417	1
199	45	1
199	80	1
199	2402	1
199	784	1
199	1386	1
199	842	1
199	2216	1
199	694	1
199	2057	1
199	535	1
200	875	1
200	698	1
200	867	1
200	1783	1
200	1581	1
200	736	1
201	1875	1
201	2247	1
201	922	1
201	875	1
201	809	1
201	2095	1
201	729	1
201	525	1
201	1686	1
201	1228	1
201	1374	1
201	1098	1
201	0	1
201	557	1
201	78	1
201	1941	1
201	996	1
201	1088	1
201	683	1
201	741	1
201	1736	1
201	1783	1
201	62	1
201	438	1
201	1287	1
201	1776	1
202	1957	1
202	1119	1
202	875	1
202	2347	1
202	1046	1
202	749	1
202	746	1
202	1769	1
202	954	1
202	225	1
202	842	1
202	334	1
202	741	1
202	1736	1
202	62	1
202	535	1
203	1686	1
203	1050	1
203	129	1
203	954	1
203	842	1
203	62	1
204	989	1
204	390	1
204	2267	1
204	27	1
204	653	1
204	468	1
204	2397	1
204	1391	1
204	1386	1
204	1269	1
204	741	1
204	411	1
204	1365	1
204	533	1
204	1426	1
205	333	1
205	1050	1
205	1109	1
205	1776	1
206	1910	1
206	255	1
206	1003	1
206	1232	1
206	333	1
206	1694	1
206	2347	1
206	1033	1
206	1686	1
206	1312	1
206	1925	1
206	2018	1
206	1228	1
206	1374	1
206	1098	1
206	1050	1
206	1721	1
206	303	1
206	2097	1
206	2157	1
206	569	1
206	1109	1
206	683	1
206	208	1
206	225	1
206	2051	1
206	842	1
206	741	1
206	159	1
206	1614	1
206	1736	1
206	373	1
206	62	1
206	121	1
206	29	1
206	2016	1
206	438	1
206	572	1
206	1798	1
206	2216	1
206	2166	1
206	2440	1
206	1776	1
207	626	1
207	255	1
207	1232	1
207	622	1
207	1694	1
207	2347	1
207	537	1
207	1686	1
207	467	1
207	1925	1
207	1228	1
207	1374	1
207	1098	1
207	0	1
207	749	1
207	653	1
207	125	1
207	557	1
207	1503	1
207	190	1
207	1519	1
207	1160	1
207	1941	1
207	569	1
207	146	1
207	842	1
207	159	1
207	1614	1
207	247	1
207	62	1
207	736	1
207	438	1
207	2166	1
208	1797	1
208	1232	1
208	1469	1
208	1694	1
208	2347	1
208	1686	1
208	0	1
208	1204	1
208	1050	1
208	1253	1
208	749	1
208	125	1
208	190	1
208	1160	1
208	1196	1
208	842	1
208	741	1
208	159	1
208	62	1
208	438	1
208	1776	1
209	255	1
209	333	1
209	2347	1
209	2163	1
209	0	1
209	1204	1
209	314	1
209	1050	1
209	1941	1
209	842	1
209	741	1
209	159	1
210	626	1
210	1910	1
210	875	1
210	1729	1
210	1232	1
210	2347	1
210	537	1
210	1033	1
210	467	1
210	1925	1
210	2018	1
210	0	1
210	1204	1
210	653	1
210	1941	1
210	569	1
210	1109	1
210	683	1
210	842	1
210	741	1
210	1001	1
210	159	1
210	1614	1
210	247	1
210	373	1
210	1963	1
210	736	1
210	438	1
210	2166	1
210	1776	1
211	1797	1
211	684	1
211	1228	1
211	99	1
211	1204	1
211	2184	1
211	2267	1
211	1501	1
211	2157	1
211	225	1
211	373	1
211	438	1
212	1797	1
212	1101	1
212	2169	1
212	255	1
212	1003	1
212	1469	1
212	1694	1
212	467	1
212	1374	1
212	0	1
212	2231	1
212	314	1
212	1046	1
212	749	1
212	125	1
212	1298	1
212	190	1
212	1160	1
212	1237	1
212	225	1
212	611	1
212	2051	1
212	842	1
212	159	1
212	373	1
212	1242	1
212	1624	1
213	626	1
213	1232	1
213	333	1
213	1694	1
213	2347	1
213	1686	1
213	106	1
213	1374	1
213	2231	1
213	2184	1
213	1253	1
213	749	1
213	190	1
213	1941	1
213	741	1
213	256	1
213	62	1
213	438	1
213	2216	1
213	2166	1
213	1071	1
214	2169	1
214	1232	1
214	1236	1
214	1694	1
214	537	1
214	1686	1
214	1925	1
214	0	1
214	1050	1
214	2267	1
214	867	1
214	749	1
214	379	1
214	741	1
214	17	1
214	62	1
214	1458	1
214	736	1
214	603	1
215	1686	1
215	1050	1
215	1277	1
216	1686	1
216	1204	1
216	741	1
216	2304	1
216	17	1
217	875	1
217	1686	1
217	1253	1
217	2383	1
217	842	1
217	741	1
217	49	1
217	62	1
218	809	1
218	1686	1
218	958	1
218	1050	1
218	1109	1
218	741	1
218	2016	1
218	438	1
218	1776	1
219	875	1
219	684	1
219	1374	1
219	2231	1
219	2157	1
219	842	1
219	334	1
219	741	1
220	255	1
220	875	1
220	1232	1
220	675	1
220	1204	1
220	1050	1
220	303	1
220	334	1
220	741	1
220	2216	1
220	2166	1
221	1119	1
221	255	1
221	875	1
221	1232	1
221	675	1
221	1236	1
221	1033	1
221	1380	1
221	1925	1
221	1374	1
221	1204	1
221	1050	1
221	867	1
221	303	1
221	653	1
221	190	1
221	567	1
221	954	1
221	2157	1
221	611	1
221	1019	1
221	741	1
221	1736	1
221	62	1
221	29	1
221	2216	1
222	1875	1
222	1686	1
222	1925	1
222	1374	1
222	1050	1
222	303	1
222	1941	1
222	842	1
222	62	1
223	989	1
223	865	1
223	1528	1
223	1469	1
223	251	1
223	1686	1
223	1374	1
223	1204	1
223	2080	1
223	2092	1
223	1941	1
223	379	1
223	842	1
223	1488	1
223	17	1
224	2169	1
224	875	1
224	333	1
224	2347	1
224	1033	1
224	467	1
224	1374	1
224	1204	1
224	1050	1
224	918	1
224	1253	1
224	867	1
224	1721	1
224	303	1
224	794	1
224	1541	1
224	569	1
224	683	1
224	842	1
224	741	1
224	438	1
224	1776	1
225	875	1
225	2347	1
225	1686	1
225	1050	1
225	1253	1
225	62	1
226	989	1
226	684	1
226	1204	1
226	1050	1
226	303	1
226	1088	1
226	1736	1
226	17	1
227	989	1
227	875	1
227	1686	1
227	684	1
227	1228	1
227	1253	1
227	303	1
227	567	1
227	62	1
227	2216	1
227	535	1
228	875	1
228	684	1
228	1228	1
228	1374	1
228	1253	1
228	867	1
228	2383	1
228	567	1
228	2216	1
228	535	1
229	1797	1
229	989	1
229	1470	1
229	1101	1
229	2347	1
229	1686	1
229	415	1
229	698	1
229	684	1
229	0	1
229	2267	1
229	2110	1
229	576	1
229	370	1
229	842	1
229	741	1
229	1736	1
229	62	1
229	253	1
229	2216	1
230	255	1
230	1686	1
230	1374	1
230	1253	1
230	125	1
230	557	1
230	567	1
230	1941	1
230	842	1
230	334	1
230	17	1
230	1242	1
231	333	1
231	729	1
231	1686	1
231	415	1
231	1374	1
231	557	1
231	2294	1
231	842	1
231	334	1
231	741	1
231	62	1
231	1360	1
232	989	1
232	1469	1
232	2240	1
232	2267	1
232	1253	1
232	557	1
232	1094	1
232	842	1
232	741	1
232	1736	1
232	1426	1
233	1729	1
233	1232	1
233	333	1
233	525	1
233	1686	1
233	0	1
233	749	1
233	129	1
233	1941	1
233	1109	1
233	611	1
233	842	1
233	256	1
233	1776	1
234	1797	1
234	1875	1
234	875	1
234	675	1
234	455	1
234	1469	1
234	537	1
234	729	1
234	1686	1
234	106	1
234	1644	1
234	1374	1
234	293	1
234	707	1
234	1256	1
234	1425	1
234	1253	1
234	2130	1
234	2383	1
234	2419	1
234	1149	1
234	2090	1
234	2092	1
234	1501	1
234	1941	1
234	1851	1
234	741	1
234	2304	1
234	931	1
234	17	1
234	124	1
234	1294	1
234	438	1
234	1551	1
234	2216	1
234	1465	1
235	937	1
235	1633	1
235	1232	1
235	1469	1
235	33	1
235	2347	1
235	1686	1
235	1517	1
235	1374	1
235	1256	1
235	1277	1
235	954	1
235	1941	1
235	2408	1
235	611	1
235	496	1
235	1287	1
236	1033	1
236	684	1
236	1228	1
236	1256	1
236	1253	1
236	307	1
236	1088	1
236	842	1
237	255	1
237	875	1
237	333	1
237	1686	1
237	1204	1
237	1941	1
237	1540	1
237	842	1
237	741	1
237	1579	1
237	62	1
238	989	1
238	1693	1
238	2132	1
238	1686	1
238	1390	1
238	684	1
238	1228	1
238	1253	1
238	867	1
238	1149	1
238	954	1
238	2157	1
238	1088	1
238	842	1
238	334	1
238	49	1
238	62	1
238	1551	1
238	1287	1
238	1009	1
239	1403	1
239	2132	1
239	1101	1
239	255	1
239	1469	1
239	1694	1
239	655	1
239	1660	1
239	1033	1
239	698	1
239	2163	1
239	1228	1
239	1098	1
239	1361	1
239	1653	1
239	144	1
239	1173	1
239	1400	1
239	2240	1
239	2383	1
239	653	1
239	164	1
239	1769	1
239	963	1
239	1286	1
239	1235	1
239	954	1
239	1941	1
239	2157	1
239	1601	1
239	1244	1
239	307	1
239	1210	1
239	2210	1
239	1254	1
239	498	1
239	348	1
239	539	1
239	2361	1
239	1736	1
239	1783	1
239	17	1
239	494	1
239	736	1
239	1360	1
239	272	1
239	572	1
239	2057	1
239	273	1
239	154	1
239	2105	1
239	2307	1
239	603	1
240	2267	1
240	341	1
240	2157	1
240	842	1
240	741	1
240	2304	1
240	693	1
240	2216	1
241	875	1
241	675	1
241	455	1
241	1203	1
241	2347	1
241	807	1
241	1050	1
241	80	1
241	1581	1
242	1012	1
242	783	1
242	675	1
242	1236	1
242	729	1
242	1686	1
242	1448	1
242	684	1
242	1663	1
242	835	1
242	2260	1
242	1568	1
242	1830	1
242	341	1
242	1253	1
242	867	1
242	1271	1
242	125	1
242	2090	1
242	557	1
242	794	1
242	1160	1
242	37	1
242	169	1
242	407	1
242	1860	1
242	842	1
242	334	1
242	741	1
242	17	1
242	62	1
242	693	1
242	1484	1
242	902	1
242	801	1
242	1104	1
243	1289	1
243	2428	1
243	1910	1
243	783	1
243	1101	1
243	255	1
243	568	1
243	962	1
243	2239	1
243	1686	1
243	2180	1
243	1374	1
243	1204	1
243	2084	1
243	1548	1
243	627	1
243	2314	1
243	303	1
243	2383	1
243	395	1
243	1902	1
243	2160	1
243	653	1
243	1084	1
243	1160	1
243	954	1
243	877	1
243	2157	1
243	942	1
243	1699	1
243	478	1
243	403	1
243	1853	1
243	842	1
243	741	1
243	961	1
243	308	1
243	733	1
243	1287	1
243	1387	1
243	1372	1
244	333	1
244	243	1
244	2347	1
244	842	1
244	741	1
244	2304	1
245	1289	1
245	1101	1
245	333	1
245	2347	1
245	1686	1
245	1739	1
245	545	1
245	303	1
245	1160	1
245	877	1
245	942	1
245	741	1
245	17	1
245	944	1
246	1729	1
246	1584	1
246	1244	1
247	2347	1
247	1686	1
247	1568	1
247	741	1
247	17	1
247	1458	1
248	1729	1
248	1469	1
248	1098	1
248	1941	1
248	1244	1
249	1101	1
249	853	1
249	243	1
249	967	1
249	1236	1
249	1686	1
249	456	1
249	867	1
249	2419	1
249	749	1
249	468	1
249	2090	1
249	2157	1
249	225	1
249	379	1
249	842	1
249	741	1
249	2198	1
249	17	1
249	373	1
249	1458	1
249	2216	1
250	684	1
250	1253	1
250	2383	1
250	1149	1
250	1331	1
250	1601	1
250	1557	1
250	842	1
251	882	1
251	1686	1
251	684	1
251	842	1
251	1019	1
251	1269	1
251	737	1
251	62	1
251	587	1
252	684	1
252	867	1
252	868	1
252	660	1
252	1189	1
252	1557	1
252	971	1
252	334	1
252	151	1
253	2186	1
253	1686	1
253	1183	1
253	1013	1
253	1172	1
253	1769	1
253	1331	1
253	2429	1
253	1993	1
253	1186	1
253	497	1
253	750	1
253	1640	1
253	842	1
253	397	1
253	256	1
253	1743	1
253	551	1
253	1647	1
254	882	1
254	1452	1
254	1174	1
254	807	1
254	2376	1
254	1374	1
254	1999	1
254	2267	1
254	395	1
254	717	1
254	842	1
254	737	1
254	334	1
254	2361	1
254	805	1
254	256	1
254	917	1
254	587	1
254	808	1
255	937	1
255	875	1
255	675	1
255	684	1
255	395	1
255	1769	1
255	1331	1
255	954	1
255	1710	1
255	1618	1
255	1557	1
255	842	1
255	334	1
255	147	1
255	373	1
255	151	1
255	917	1
255	1287	1
255	1746	1
255	2119	1
256	937	1
256	989	1
256	1470	1
256	2347	1
256	807	1
256	1686	1
256	1390	1
256	1256	1
256	1604	1
256	1253	1
256	2383	1
256	653	1
256	1149	1
256	1769	1
256	1601	1
256	307	1
256	1736	1
256	256	1
256	62	1
256	1287	1
256	1677	1
257	937	1
257	989	1
257	333	1
257	2347	1
257	807	1
257	1686	1
257	1149	1
257	954	1
257	1601	1
257	1540	1
257	1088	1
257	842	1
257	1269	1
257	334	1
257	741	1
257	256	1
257	2141	1
257	1287	1
258	989	1
258	1686	1
258	684	1
258	1256	1
258	954	1
258	240	1
258	307	1
258	1088	1
258	373	1
258	1677	1
259	937	1
259	989	1
259	1686	1
259	1380	1
259	1021	1
259	975	1
259	867	1
259	868	1
259	268	1
259	842	1
259	334	1
259	2375	1
259	1144	1
260	1797	1
260	937	1
260	865	1
260	5	1
260	1469	1
260	1720	1
260	2347	1
260	1686	1
260	1663	1
260	1999	1
260	144	1
260	1204	1
260	1256	1
260	1053	1
260	1013	1
260	1253	1
260	2383	1
260	653	1
260	81	1
260	268	1
260	1084	1
260	954	1
260	51	1
260	307	1
260	1088	1
260	280	1
260	616	1
260	842	1
260	334	1
260	741	1
260	654	1
260	1736	1
260	17	1
260	151	1
260	533	1
260	2029	1
260	917	1
260	1623	1
260	1287	1
260	2050	1
261	1469	1
261	1686	1
261	684	1
261	1402	1
261	1228	1
261	1374	1
261	1256	1
261	1445	1
261	2281	1
261	806	1
261	653	1
261	1769	1
261	1088	1
261	1557	1
261	842	1
261	334	1
261	741	1
261	2304	1
261	1049	1
261	1677	1
262	989	1
262	875	1
262	455	1
262	807	1
262	1568	1
262	1830	1
262	653	1
262	794	1
262	1088	1
262	334	1
262	741	1
262	17	1
262	693	1
262	438	1
263	937	1
263	1875	1
263	333	1
263	1469	1
263	2347	1
263	807	1
263	1779	1
263	1686	1
263	415	1
263	1228	1
263	1374	1
263	1663	1
263	1098	1
263	2231	1
263	1204	1
263	1256	1
263	1568	1
263	1830	1
263	1253	1
263	1230	1
263	303	1
263	285	1
263	806	1
263	1149	1
263	1235	1
263	1941	1
263	1620	1
263	1088	1
263	2301	1
263	717	1
263	539	1
263	17	1
263	62	1
263	1049	1
263	2141	1
263	1287	1
263	1677	1
263	633	1
264	989	1
264	1891	1
264	455	1
264	1686	1
264	684	1
264	1402	1
264	1103	1
264	285	1
264	653	1
264	1769	1
264	842	1
264	334	1
264	1049	1
264	1287	1
264	1677	1
265	875	1
265	684	1
265	225	1
265	842	1
265	334	1
265	62	1
265	2216	1
266	1797	1
266	2205	1
266	989	1
266	783	1
266	875	1
266	333	1
266	455	1
266	1787	1
266	2347	1
266	729	1
266	1033	1
266	1686	1
266	1739	1
266	1374	1
266	144	1
266	2231	1
266	314	1
266	1256	1
266	1253	1
266	2383	1
266	12	1
266	1046	1
266	749	1
266	1149	1
266	2080	1
266	954	1
266	996	1
266	307	1
266	1088	1
266	356	1
266	842	1
266	113	1
266	741	1
266	256	1
266	373	1
266	1859	1
266	1378	1
266	2170	1
266	438	1
266	572	1
266	1551	1
266	2216	1
266	461	1
267	2205	1
267	989	1
267	865	1
267	1232	1
267	1469	1
267	1713	1
267	729	1
267	1493	1
267	1228	1
267	1374	1
267	1098	1
267	2231	1
267	303	1
267	653	1
267	954	1
267	1941	1
267	307	1
267	842	1
267	334	1
267	741	1
267	1736	1
267	62	1
267	1458	1
267	1378	1
268	989	1
268	865	1
268	1469	1
268	1686	1
268	314	1
268	1253	1
268	653	1
268	2092	1
268	954	1
268	1941	1
268	1540	1
268	307	1
268	1088	1
268	842	1
268	438	1
269	2186	1
269	684	1
269	1253	1
269	334	1
269	102	1
269	438	1
270	865	1
270	1469	1
270	1686	1
270	749	1
270	794	1
270	954	1
270	842	1
270	62	1
270	438	1
271	1797	1
271	937	1
271	2205	1
271	1875	1
271	875	1
271	1232	1
271	1726	1
271	2347	1
271	1713	1
271	1033	1
271	1686	1
271	684	1
271	1204	1
271	707	1
271	1256	1
271	661	1
271	1830	1
271	867	1
271	2383	1
271	78	1
271	2092	1
271	954	1
271	1941	1
271	2157	1
271	1131	1
271	837	1
271	307	1
271	2088	1
271	356	1
271	727	1
271	1557	1
271	225	1
271	379	1
271	334	1
271	741	1
271	1736	1
271	256	1
271	124	1
271	1360	1
271	2216	1
271	1677	1
271	1071	1
271	180	1
271	1856	1
272	626	1
272	1056	1
272	874	1
272	1050	1
272	1818	1
272	1109	1
272	683	1
272	1560	1
273	626	1
273	2169	1
273	255	1
273	1003	1
273	1528	1
273	223	1
273	675	1
273	1469	1
273	1236	1
273	2347	1
273	537	1
273	1033	1
273	1686	1
273	684	1
273	1059	1
273	1228	1
273	2162	1
273	2231	1
273	1204	1
273	1050	1
273	1425	1
273	1253	1
273	867	1
273	303	1
273	1046	1
273	274	1
273	749	1
273	653	1
273	125	1
273	1789	1
273	1979	1
273	794	1
273	2157	1
273	691	1
273	1357	1
273	569	1
273	790	1
273	379	1
273	842	1
273	334	1
273	654	1
273	1614	1
273	256	1
273	373	1
273	1242	1
273	253	1
273	2016	1
273	2017	1
273	535	1
274	865	1
274	1232	1
274	1469	1
274	1686	1
274	1256	1
274	749	1
274	653	1
274	794	1
274	1088	1
274	842	1
274	334	1
274	438	1
275	989	1
275	1686	1
275	1253	1
275	2383	1
275	682	1
275	334	1
275	62	1
275	438	1
276	1421	1
276	875	1
276	1729	1
276	1380	1
276	1204	1
276	2156	1
276	1230	1
276	794	1
276	1728	1
276	129	1
276	488	1
276	1557	1
276	741	1
276	8	1
276	917	1
277	1686	1
277	684	1
277	1256	1
277	2383	1
277	653	1
277	1941	1
277	307	1
277	842	1
277	334	1
278	1875	1
278	875	1
278	2347	1
278	684	1
278	1103	1
278	2231	1
278	2383	1
278	395	1
278	2157	1
278	842	1
278	62	1
279	675	1
279	684	1
279	1728	1
279	954	1
279	842	1
279	334	1
280	875	1
280	1686	1
280	684	1
280	1098	1
280	2321	1
280	1256	1
280	1050	1
280	2383	1
280	80	1
280	954	1
280	334	1
280	741	1
281	1101	1
281	2347	1
281	2321	1
281	1204	1
281	303	1
281	653	1
281	591	1
281	1392	1
281	307	1
281	1507	1
281	1488	1
281	334	1
281	1242	1
281	321	1
281	2389	1
281	2375	1
282	1403	1
282	508	1
282	2109	1
282	1380	1
282	684	1
282	1021	1
282	2010	1
282	2393	1
282	1149	1
282	682	1
282	2157	1
282	728	1
282	784	1
282	1136	1
282	469	1
282	334	1
282	151	1
282	396	1
282	1360	1
282	272	1
282	1687	1
282	2119	1
283	1686	1
283	1172	1
283	1557	1
283	334	1
283	741	1
283	1852	1
284	675	1
284	455	1
284	2347	1
284	1050	1
284	1253	1
284	1676	1
284	576	1
284	307	1
284	334	1
284	17	1
284	62	1
284	1551	1
284	2216	1
285	937	1
285	875	1
285	675	1
285	1686	1
285	1390	1
285	684	1
285	1374	1
285	1050	1
285	1253	1
285	867	1
285	2383	1
285	1955	1
285	1215	1
285	2393	1
285	80	1
285	365	1
285	2146	1
285	1088	1
285	1718	1
285	1052	1
285	741	1
285	151	1
285	1551	1
285	2216	1
285	2375	1
285	1342	1
285	30	1
286	937	1
286	875	1
286	1232	1
286	675	1
286	455	1
286	1469	1
286	2347	1
286	1033	1
286	1390	1
286	684	1
286	1374	1
286	1955	1
286	2393	1
286	1676	1
286	80	1
286	954	1
286	1941	1
286	334	1
286	741	1
286	49	1
286	1287	1
286	1856	1
286	30	1
287	865	1
287	1469	1
287	2347	1
287	1686	1
287	1253	1
287	749	1
287	954	1
287	1941	1
287	307	1
287	842	1
287	334	1
287	1736	1
287	62	1
288	937	1
288	1469	1
288	1686	1
288	1256	1
288	1253	1
288	749	1
288	954	1
288	1088	1
288	842	1
288	62	1
289	1119	1
289	1165	1
289	333	1
289	967	1
289	1686	1
289	467	1
289	952	1
289	919	1
289	1050	1
289	1253	1
289	749	1
289	653	1
289	1941	1
289	2402	1
289	1254	1
289	1063	1
289	379	1
289	741	1
289	2065	1
289	1736	1
289	373	1
289	1242	1
289	62	1
289	2334	1
289	1677	1
289	38	1
290	875	1
290	455	1
290	967	1
290	684	1
290	1479	1
290	954	1
290	2402	1
290	307	1
290	1052	1
290	741	1
290	49	1
290	1551	1
291	937	1
291	1410	1
291	1686	1
291	415	1
291	698	1
291	684	1
291	1314	1
291	1253	1
291	1540	1
291	1557	1
291	842	1
291	741	1
291	151	1
291	62	1
291	1290	1
291	2119	1
292	1797	1
292	875	1
292	967	1
292	1686	1
292	1739	1
292	1103	1
292	293	1
292	1425	1
292	2383	1
292	1299	1
292	356	1
292	2404	1
292	842	1
292	334	1
292	1825	1
292	1465	1
293	1252	1
293	1403	1
293	508	1
293	875	1
293	1686	1
293	684	1
293	1261	1
293	2321	1
293	1204	1
293	1253	1
293	2383	1
293	1955	1
293	2419	1
293	1088	1
293	842	1
293	334	1
293	62	1
293	396	1
293	1389	1
293	909	1
293	2216	1
293	2375	1
294	1891	1
294	1562	1
294	675	1
294	455	1
294	2347	1
294	1686	1
294	2298	1
294	1644	1
294	1374	1
294	2162	1
294	2231	1
294	1173	1
294	1204	1
294	1756	1
294	1256	1
294	910	1
294	2184	1
294	1568	1
294	1400	1
294	1139	1
294	1830	1
294	1253	1
294	2383	1
294	395	1
294	1215	1
294	653	1
294	1769	1
294	300	1
294	794	1
294	954	1
294	1130	1
294	1088	1
294	1254	1
294	1333	1
294	1731	1
294	1420	1
294	842	1
294	334	1
294	2145	1
294	49	1
294	1783	1
294	62	1
294	8	1
294	693	1
294	438	1
294	2216	1
294	1677	1
294	1987	1
294	795	1
294	1426	1
295	875	1
295	446	1
295	1686	1
295	1739	1
295	1103	1
295	1256	1
295	2383	1
295	2419	1
295	1769	1
295	954	1
295	2402	1
295	1088	1
295	379	1
295	842	1
295	334	1
295	1736	1
295	373	1
295	62	1
295	693	1
295	2216	1
295	1009	1
296	875	1
296	2347	1
296	1686	1
296	1228	1
296	1050	1
296	867	1
296	2383	1
296	653	1
296	1769	1
296	954	1
296	3	1
296	1540	1
296	784	1
296	842	1
297	875	1
297	675	1
297	2347	1
297	1686	1
297	1204	1
297	1253	1
297	653	1
297	1744	1
297	2304	1
297	373	1
297	1581	1
298	1797	1
298	875	1
298	675	1
298	1204	1
298	1253	1
298	653	1
298	2157	1
298	576	1
298	3	1
298	842	1
298	741	1
298	2304	1
298	62	1
298	2216	1
299	1797	1
299	875	1
299	2191	1
299	675	1
299	560	1
299	1469	1
299	2347	1
299	1033	1
299	1686	1
299	684	1
299	707	1
299	303	1
299	653	1
299	125	1
299	1941	1
299	576	1
299	3	1
299	1088	1
299	1237	1
299	1557	1
299	379	1
299	842	1
299	741	1
299	1744	1
299	17	1
299	62	1
299	253	1
299	1458	1
299	1677	1
300	523	1
300	2169	1
300	887	1
300	675	1
300	455	1
300	2347	1
300	1686	1
300	1374	1
300	2231	1
300	1256	1
300	2267	1
300	975	1
300	1898	1
300	1769	1
300	954	1
300	1540	1
300	1136	1
300	842	1
300	741	1
300	17	1
300	373	1
300	1581	1
300	1426	1
301	1797	1
301	1232	1
301	675	1
301	455	1
301	446	1
301	1686	1
301	106	1
301	684	1
301	1374	1
301	1050	1
301	867	1
301	1277	1
301	1149	1
301	80	1
301	784	1
301	1237	1
301	842	1
301	741	1
301	373	1
301	62	1
301	2017	1
302	1469	1
302	1686	1
302	1050	1
302	653	1
302	954	1
302	373	1
302	62	1
302	2216	1
303	1797	1
303	875	1
303	675	1
303	446	1
303	1686	1
303	684	1
303	1374	1
303	2184	1
303	1425	1
303	1253	1
303	954	1
303	691	1
303	307	1
303	1956	1
303	842	1
303	741	1
303	1744	1
303	2304	1
303	373	1
303	1581	1
303	62	1
303	2017	1
303	2216	1
304	1797	1
304	1469	1
304	1686	1
304	1374	1
304	1050	1
304	2184	1
304	1253	1
304	867	1
304	1277	1
304	653	1
304	1149	1
304	80	1
304	1956	1
304	1019	1
304	741	1
304	1744	1
304	2304	1
304	1581	1
304	62	1
304	2017	1
304	2216	1
304	1677	1
305	875	1
305	967	1
305	1787	1
305	2347	1
305	1033	1
305	1686	1
305	1374	1
305	653	1
305	690	1
305	80	1
305	79	1
305	842	1
305	2059	1
305	17	1
305	62	1
305	124	1
305	438	1
305	2216	1
306	1633	1
306	1033	1
306	1686	1
306	1374	1
306	1256	1
306	1830	1
306	1277	1
306	653	1
306	2248	1
306	307	1
306	741	1
306	1794	1
307	937	1
307	1875	1
307	875	1
307	455	1
307	2347	1
307	1686	1
307	684	1
307	707	1
307	1830	1
307	303	1
307	806	1
307	1215	1
307	794	1
307	954	1
307	2157	1
307	240	1
307	842	1
307	334	1
307	1287	1
307	2375	1
308	1413	1
308	333	1
308	729	1
308	1033	1
308	1686	1
308	1739	1
308	1374	1
308	1204	1
308	867	1
308	1230	1
308	994	1
308	653	1
308	794	1
308	1936	1
308	115	1
308	1353	1
308	2324	1
308	403	1
308	2051	1
308	842	1
308	741	1
308	1744	1
308	17	1
308	62	1
309	1854	1
309	2437	1
309	1033	1
309	1686	1
309	1380	1
309	618	1
309	1228	1
309	1769	1
309	980	1
309	682	1
309	139	1
309	1718	1
309	719	1
309	1557	1
309	1736	1
309	1281	1
309	1746	1
309	1852	1
310	989	1
310	875	1
310	1787	1
310	684	1
310	983	1
310	1830	1
310	1253	1
310	1769	1
310	80	1
310	1557	1
310	842	1
310	334	1
310	49	1
310	373	1
310	1287	1
310	1677	1
310	1987	1
311	1797	1
311	937	1
311	1252	1
311	1891	1
311	2089	1
311	675	1
311	967	1
311	1686	1
311	684	1
311	1261	1
311	1644	1
311	293	1
311	1808	1
311	831	1
311	1253	1
311	2419	1
311	2287	1
311	2402	1
311	240	1
311	225	1
311	379	1
311	842	1
311	334	1
311	741	1
311	95	1
311	373	1
311	533	1
311	62	1
311	396	1
311	1746	1
312	937	1
312	989	1
312	1875	1
312	875	1
312	2035	1
312	675	1
312	455	1
312	1469	1
312	997	1
312	2347	1
312	1033	1
312	1686	1
312	415	1
312	698	1
312	1103	1
312	2231	1
312	1204	1
312	293	1
312	661	1
312	1013	1
312	1830	1
312	1253	1
312	2383	1
312	395	1
312	2185	1
312	1637	1
312	375	1
312	287	1
312	682	1
312	1357	1
312	1088	1
312	356	1
312	784	1
312	2343	1
312	2145	1
312	181	1
312	373	1
312	693	1
312	463	1
312	253	1
312	1049	1
312	438	1
312	57	1
312	1071	1
312	705	1
312	1987	1
313	875	1
313	2347	1
313	1686	1
313	684	1
313	1204	1
313	1425	1
313	1769	1
313	2157	1
313	842	1
313	741	1
313	2266	1
313	62	1
313	2216	1
314	875	1
314	2347	1
314	1686	1
314	952	1
314	842	1
314	1736	1
314	62	1
314	917	1
314	1287	1
315	2347	1
315	1050	1
315	653	1
315	842	1
315	1581	1
316	967	1
316	684	1
316	2383	1
316	1156	1
316	1557	1
316	842	1
316	1736	1
316	2216	1
317	1797	1
317	937	1
317	333	1
317	1469	1
317	1033	1
317	1686	1
317	707	1
317	1256	1
317	1830	1
317	653	1
317	1331	1
317	682	1
317	129	1
317	1941	1
317	728	1
317	1557	1
317	842	1
317	741	1
317	917	1
317	2375	1
317	1071	1
317	2119	1
317	1856	1
318	875	1
318	1253	1
318	1154	1
318	379	1
318	334	1
318	62	1
319	937	1
319	875	1
319	2347	1
319	1686	1
319	1380	1
319	1256	1
319	725	1
319	1253	1
319	867	1
319	2383	1
319	1557	1
319	917	1
319	2375	1
319	535	1
319	1502	1
320	1891	1
320	1686	1
320	684	1
320	1050	1
320	1568	1
320	653	1
320	868	1
320	954	1
320	256	1
321	1686	1
321	684	1
321	842	1
321	741	1
322	1688	1
322	1686	1
322	1204	1
322	952	1
322	1253	1
322	867	1
322	303	1
322	2383	1
322	1941	1
322	1131	1
322	1540	1
322	1088	1
322	256	1
322	373	1
322	151	1
322	62	1
322	909	1
323	1769	1
323	660	1
323	954	1
323	1557	1
323	842	1
323	334	1
324	2109	1
324	875	1
324	1686	1
324	684	1
324	1253	1
324	837	1
324	1540	1
324	1557	1
324	842	1
324	334	1
324	741	1
325	1686	1
325	684	1
325	2157	1
325	1557	1
325	842	1
325	334	1
326	684	1
326	1103	1
326	1769	1
326	954	1
326	842	1
326	334	1
326	151	1
326	62	1
327	2109	1
327	85	1
327	1253	1
327	1149	1
327	868	1
327	954	1
327	837	1
327	1557	1
327	842	1
327	2142	1
327	62	1
328	1403	1
328	1469	1
328	807	1
328	1686	1
328	1103	1
328	1256	1
328	867	1
328	2383	1
328	1149	1
328	868	1
328	1769	1
328	2226	1
328	660	1
328	954	1
328	1601	1
328	1131	1
328	837	1
328	1540	1
328	1136	1
328	334	1
328	741	1
328	373	1
328	151	1
328	62	1
328	909	1
328	1857	1
329	784	1
329	1557	1
329	842	1
329	373	1
329	2216	1
329	2119	1
330	989	1
330	2169	1
330	267	1
330	1688	1
330	875	1
330	1469	1
330	2347	1
330	807	1
330	684	1
330	2231	1
330	1256	1
330	2034	1
330	85	1
330	1253	1
330	2383	1
330	395	1
330	1898	1
330	1769	1
330	3	1
330	1540	1
330	307	1
330	2369	1
330	1179	1
330	1136	1
330	334	1
330	741	1
330	1736	1
330	151	1
330	438	1
330	1287	1
330	1856	1
330	1426	1
331	1686	1
331	684	1
331	1253	1
331	842	1
331	334	1
332	2109	1
332	684	1
332	2383	1
332	868	1
332	1769	1
332	3	1
332	837	1
332	784	1
332	1136	1
332	1557	1
332	2404	1
332	334	1
332	151	1
332	1009	1
332	1465	1
333	1403	1
333	2169	1
333	2109	1
333	1686	1
333	1380	1
333	1253	1
333	2383	1
333	2157	1
333	837	1
333	784	1
333	1956	1
333	842	1
333	741	1
333	151	1
333	62	1
333	1287	1
333	1009	1
334	989	1
334	1686	1
334	1253	1
334	867	1
334	1769	1
334	3	1
334	240	1
334	784	1
334	842	1
334	334	1
334	62	1
335	937	1
335	2347	1
335	1686	1
335	684	1
335	1204	1
335	1050	1
335	2157	1
335	348	1
335	2266	1
336	1165	1
336	875	1
336	2347	1
336	1256	1
336	867	1
336	660	1
336	954	1
336	2157	1
336	3	1
336	837	1
336	1540	1
336	784	1
336	750	1
336	842	1
336	334	1
336	741	1
336	147	1
336	1736	1
336	62	1
336	1009	1
337	2109	1
337	1469	1
337	1769	1
337	2092	1
337	954	1
337	1557	1
337	1956	1
337	334	1
338	1469	1
338	1686	1
338	1103	1
338	1769	1
338	954	1
338	842	1
338	62	1
339	1469	1
339	2347	1
339	1686	1
339	684	1
339	1103	1
339	85	1
339	1898	1
339	1149	1
339	954	1
339	1131	1
339	728	1
339	1186	1
339	750	1
339	1136	1
339	1557	1
339	334	1
339	373	1
339	1255	1
339	151	1
339	1338	1
339	909	1
339	2119	1
339	1465	1
340	1050	1
340	842	1
340	1581	1
341	1686	1
341	684	1
341	1103	1
341	954	1
341	1557	1
341	842	1
342	675	1
342	1686	1
342	684	1
342	1374	1
342	867	1
342	2383	1
342	1149	1
342	868	1
342	1769	1
342	660	1
342	954	1
342	1131	1
342	837	1
342	307	1
342	784	1
342	1136	1
342	334	1
342	62	1
342	1743	1
342	272	1
342	1551	1
342	1009	1
342	2119	1
343	937	1
343	1891	1
343	2109	1
343	875	1
343	675	1
343	455	1
343	446	1
343	1686	1
343	684	1
343	1103	1
343	85	1
343	1253	1
343	806	1
343	653	1
343	1149	1
343	1769	1
343	954	1
343	576	1
343	3	1
343	837	1
343	784	1
343	1052	1
343	1736	1
343	373	1
343	693	1
343	1290	1
343	1551	1
343	1287	1
343	2375	1
343	1426	1
344	875	1
344	684	1
344	954	1
344	2157	1
344	784	1
344	1557	1
344	1956	1
344	741	1
344	62	1
345	1797	1
345	1726	1
345	1686	1
345	1739	1
345	867	1
345	2383	1
345	1149	1
345	1769	1
345	2157	1
345	576	1
345	1131	1
345	1540	1
345	356	1
345	1557	1
345	1956	1
345	842	1
345	334	1
345	256	1
345	1551	1
345	1009	1
346	1726	1
346	1469	1
346	2383	1
346	1131	1
346	256	1
346	373	1
347	1403	1
347	446	1
347	1686	1
347	85	1
347	867	1
347	1149	1
347	868	1
347	954	1
347	3	1
347	1601	1
347	837	1
347	784	1
347	334	1
347	151	1
347	62	1
347	909	1
347	1009	1
347	1465	1
348	1686	1
348	1769	1
348	1557	1
348	334	1
349	1797	1
349	1232	1
349	333	1
349	2347	1
349	1830	1
349	1253	1
349	1941	1
349	741	1
350	937	1
350	1686	1
350	2321	1
350	1256	1
350	2383	1
350	954	1
350	240	1
350	1540	1
350	307	1
350	1052	1
350	842	1
350	741	1
350	1736	1
350	256	1
350	2187	1
351	937	1
351	1888	1
351	1459	1
351	1605	1
351	118	1
351	1720	1
351	1686	1
351	262	1
351	684	1
351	1305	1
351	1374	1
351	2231	1
351	644	1
351	85	1
351	2383	1
351	1149	1
351	868	1
351	1769	1
351	268	1
351	1331	1
351	1971	1
351	640	1
351	421	1
351	3	1
351	51	1
351	728	1
351	1689	1
351	784	1
351	1195	1
351	1610	1
351	2277	1
351	727	1
351	1817	1
351	1944	1
351	971	1
351	616	1
351	1956	1
351	842	1
351	1041	1
351	2142	1
351	1500	1
351	1255	1
351	1108	1
351	151	1
351	1743	1
351	2339	1
351	909	1
351	1290	1
351	1759	1
351	1476	1
351	2119	1
352	642	1
352	875	1
352	1469	1
352	684	1
352	1103	1
352	867	1
352	2383	1
352	268	1
352	80	1
352	954	1
352	2157	1
352	1601	1
352	1131	1
352	1540	1
352	728	1
352	784	1
352	842	1
352	334	1
352	1108	1
352	151	1
352	62	1
352	1743	1
352	2339	1
352	1884	1
353	989	1
353	1720	1
353	2347	1
353	1686	1
353	1384	1
353	975	1
353	1253	1
353	2383	1
353	1769	1
353	268	1
353	954	1
353	2157	1
353	1601	1
353	1540	1
353	727	1
353	1557	1
353	260	1
353	741	1
353	1736	1
353	256	1
353	1743	1
353	2339	1
353	2119	1
353	1525	1
354	937	1
354	508	1
354	1253	1
354	2343	1
354	62	1
355	989	1
355	1459	1
355	1686	1
355	268	1
355	954	1
355	52	1
355	1131	1
355	837	1
355	1540	1
355	750	1
355	1557	1
355	256	1
355	1108	1
355	151	1
355	62	1
355	1743	1
355	2339	1
356	1459	1
356	1686	1
356	684	1
356	1149	1
356	1331	1
356	342	1
356	1214	1
356	1557	1
356	1334	1
356	842	1
356	334	1
356	1500	1
356	1255	1
356	2076	1
356	551	1
356	1884	1
356	552	1
357	2169	1
357	1686	1
357	1204	1
357	1845	1
357	1050	1
357	1830	1
357	1253	1
357	749	1
357	784	1
357	379	1
357	842	1
357	334	1
357	2361	1
357	1581	1
357	62	1
357	2216	1
357	1372	1
358	989	1
358	1469	1
358	1390	1
358	684	1
358	2321	1
358	1256	1
358	2034	1
358	1149	1
358	868	1
358	954	1
358	1131	1
358	356	1
358	842	1
358	151	1
358	1743	1
358	1287	1
358	2375	1
359	2205	1
359	2347	1
359	684	1
359	1050	1
359	2383	1
359	784	1
359	842	1
359	373	1
359	1581	1
360	1686	1
360	842	1
360	1581	1
361	2347	1
361	1204	1
361	1050	1
361	842	1
361	373	1
362	675	1
362	707	1
362	373	1
362	1581	1
363	2347	1
363	1204	1
363	784	1
363	611	1
363	842	1
363	741	1
363	2304	1
363	373	1
364	882	1
364	875	1
364	675	1
364	1204	1
364	1253	1
364	653	1
364	122	1
364	2157	1
364	784	1
364	842	1
364	805	1
364	1581	1
364	62	1
364	917	1
364	2216	1
364	535	1
365	2347	1
365	1686	1
365	684	1
365	1253	1
365	62	1
366	1797	1
366	2186	1
366	455	1
366	1033	1
366	1686	1
366	684	1
366	1402	1
366	1277	1
366	343	1
366	2157	1
366	784	1
366	1136	1
366	379	1
366	842	1
366	334	1
366	2304	1
366	1581	1
366	62	1
366	253	1
367	1686	1
367	334	1
367	2304	1
367	373	1
367	1581	1
368	2347	1
368	2304	1
368	1581	1
369	1797	1
369	2347	1
369	1253	1
369	784	1
369	842	1
369	373	1
369	1581	1
370	2347	1
370	1253	1
370	741	1
370	2304	1
371	1204	1
371	784	1
371	741	1
371	2304	1
371	1581	1
372	922	1
372	875	1
372	675	1
372	1469	1
372	2347	1
372	1686	1
372	1644	1
372	1374	1
372	1256	1
372	1050	1
372	303	1
372	395	1
372	653	1
372	784	1
372	2051	1
372	842	1
372	741	1
372	62	1
373	2347	1
373	3	1
373	784	1
373	373	1
374	1686	1
374	334	1
374	373	1
374	1581	1
375	2169	1
375	675	1
375	2347	1
375	684	1
375	784	1
375	373	1
375	1581	1
375	253	1
376	2347	1
376	1256	1
376	1253	1
376	842	1
376	2304	1
376	373	1
376	62	1
377	675	1
377	1686	1
377	2304	1
377	373	1
378	1729	1
378	190	1
378	1941	1
378	611	1
378	334	1
379	1797	1
379	2169	1
379	875	1
379	543	1
379	2347	1
379	1686	1
379	684	1
379	1204	1
379	1256	1
379	842	1
379	2304	1
379	373	1
379	62	1
380	675	1
380	446	1
380	2347	1
380	293	1
380	1050	1
380	784	1
380	373	1
381	2409	1
381	875	1
381	1686	1
381	184	1
381	784	1
381	741	1
381	373	1
381	1581	1
382	1797	1
382	1252	1
382	2347	1
382	1204	1
382	2383	1
382	784	1
382	334	1
382	741	1
382	62	1
383	1253	1
383	2304	1
383	373	1
383	1581	1
384	1797	1
384	1252	1
384	446	1
384	1686	1
384	684	1
384	1204	1
384	1050	1
384	1253	1
384	867	1
384	80	1
384	2157	1
384	784	1
384	379	1
384	1744	1
384	1581	1
384	253	1
384	2216	1
384	535	1
385	675	1
385	1686	1
385	784	1
385	842	1
385	741	1
385	1581	1
385	62	1
385	253	1
386	2347	1
386	1253	1
386	842	1
386	741	1
386	373	1
387	1469	1
387	1686	1
387	1253	1
388	1686	1
388	1253	1
388	954	1
388	842	1
388	62	1
389	1797	1
389	675	1
389	1469	1
389	2347	1
389	1033	1
389	1204	1
389	2383	1
389	2182	1
389	954	1
389	691	1
389	784	1
389	225	1
389	2051	1
389	334	1
389	62	1
389	2017	1
390	2347	1
390	1204	1
390	1256	1
390	1050	1
390	373	1
390	1581	1
391	1797	1
391	675	1
391	446	1
391	1694	1
391	2347	1
391	1686	1
391	684	1
391	1050	1
391	784	1
391	1783	1
391	373	1
392	1204	1
392	1253	1
392	2157	1
392	842	1
392	334	1
392	741	1
392	2304	1
392	1581	1
393	1797	1
393	1252	1
393	675	1
393	2347	1
393	80	1
393	373	1
393	1581	1
393	253	1
394	2347	1
394	1686	1
394	741	1
394	373	1
395	875	1
395	1686	1
395	1050	1
395	1253	1
395	784	1
395	379	1
395	842	1
395	373	1
395	1581	1
396	875	1
396	2347	1
396	1686	1
396	954	1
396	2299	1
396	741	1
396	1744	1
396	1581	1
396	62	1
396	535	1
397	1686	1
397	373	1
397	1581	1
398	2409	1
398	2347	1
398	1050	1
398	1253	1
398	395	1
398	576	1
398	842	1
398	2216	1
399	1050	1
399	1715	1
399	80	1
399	784	1
399	442	1
399	1581	1
400	1050	1
400	2304	1
401	1797	1
401	875	1
401	1686	1
401	1204	1
401	2157	1
401	334	1
401	741	1
402	1686	1
402	293	1
402	1050	1
402	373	1
402	2216	1
403	875	1
403	2304	1
403	373	1
403	1581	1
404	2169	1
404	560	1
404	2304	1
404	373	1
404	1581	1
404	535	1
405	2169	1
405	1729	1
405	2347	1
405	467	1
405	698	1
405	1050	1
405	1271	1
405	205	1
405	1231	1
405	741	1
406	1797	1
406	875	1
406	2304	1
406	373	1
407	1797	1
407	1204	1
407	954	1
407	2304	1
407	1581	1
407	2216	1
408	684	1
408	1050	1
408	749	1
408	1325	1
409	1797	1
409	2347	1
409	2051	1
409	379	1
409	1581	1
409	253	1
410	2169	1
410	1694	1
410	2347	1
410	1686	1
410	684	1
410	1253	1
410	784	1
410	225	1
410	842	1
410	741	1
410	2304	1
410	373	1
410	1581	1
411	2304	1
411	373	1
411	1581	1
412	675	1
412	784	1
412	2304	1
412	1581	1
413	2347	1
413	1686	1
413	867	1
413	334	1
413	2304	1
413	1581	1
413	62	1
413	2443	1
413	2216	1
414	1686	1
414	741	1
414	2304	1
414	373	1
414	1581	1
415	1797	1
415	675	1
415	1050	1
415	373	1
415	1581	1
416	1252	1
416	2169	1
416	875	1
416	675	1
416	446	1
416	684	1
416	293	1
416	1253	1
416	867	1
416	80	1
416	2157	1
416	334	1
416	1744	1
416	2304	1
416	373	1
416	62	1
416	535	1
417	875	1
417	446	1
417	2347	1
417	684	1
417	1204	1
417	1050	1
417	1253	1
417	842	1
417	2304	1
418	2304	1
418	373	1
418	1581	1
419	1686	1
419	842	1
419	373	1
419	1581	1
420	1686	1
420	1581	1
420	62	1
421	2205	1
421	2409	1
421	372	1
421	675	1
421	446	1
421	2347	1
421	1204	1
421	1050	1
421	1253	1
421	184	1
421	784	1
421	1237	1
421	225	1
421	842	1
421	141	1
421	62	1
422	2169	1
422	1232	1
422	675	1
422	1469	1
422	1425	1
422	190	1
422	1941	1
422	784	1
422	741	1
422	2304	1
422	373	1
423	1686	1
423	1050	1
423	2383	1
423	784	1
423	379	1
423	842	1
423	1783	1
423	373	1
423	1581	1
424	1797	1
424	446	1
424	2347	1
424	684	1
424	2304	1
424	373	1
424	1581	1
425	675	1
425	1256	1
425	1088	1
425	2304	1
425	373	1
425	1581	1
426	675	1
426	2347	1
426	1686	1
426	684	1
426	2157	1
426	784	1
426	379	1
426	1581	1
426	253	1
427	1797	1
427	937	1
427	675	1
427	1228	1
427	1204	1
427	1253	1
427	2157	1
427	334	1
427	741	1
427	2304	1
427	373	1
428	1797	1
428	675	1
428	2347	1
428	1686	1
428	684	1
428	784	1
428	225	1
428	1581	1
429	1686	1
429	842	1
429	373	1
429	1581	1
430	784	1
430	373	1
430	1581	1
431	784	1
431	373	1
432	741	1
432	2304	1
432	373	1
432	1581	1
433	2347	1
433	1050	1
433	2304	1
433	373	1
433	1581	1
434	2347	1
434	1686	1
434	334	1
434	373	1
434	1581	1
435	2304	1
435	373	1
436	784	1
436	1744	1
436	373	1
437	1686	1
437	1050	1
437	373	1
438	2347	1
438	784	1
438	1581	1
439	675	1
439	2347	1
439	1581	1
440	1050	1
440	373	1
440	1581	1
441	2169	1
441	1469	1
441	1686	1
441	684	1
441	1050	1
441	653	1
441	1941	1
441	1783	1
441	373	1
442	675	1
442	2347	1
442	1256	1
442	1050	1
442	3	1
442	784	1
442	2299	1
442	373	1
443	675	1
443	1686	1
443	684	1
443	784	1
443	373	1
443	1581	1
444	1797	1
444	2186	1
444	675	1
444	653	1
444	784	1
444	373	1
445	2347	1
445	1686	1
445	1253	1
445	653	1
445	1581	1
446	333	1
446	2347	1
446	1050	1
446	842	1
447	1686	1
447	1050	1
447	842	1
448	2304	1
448	373	1
448	1581	1
449	2347	1
449	2304	1
449	373	1
450	2347	1
450	1050	1
450	373	1
450	1581	1
451	1797	1
451	2347	1
451	1050	1
451	653	1
451	190	1
451	784	1
451	611	1
451	741	1
451	373	1
452	1050	1
452	784	1
452	373	1
452	1581	1
453	784	1
453	373	1
453	1581	1
454	2347	1
454	784	1
454	373	1
455	2347	1
455	784	1
455	373	1
456	2347	1
456	1050	1
456	741	1
456	373	1
457	333	1
457	1686	1
457	684	1
457	1253	1
457	784	1
457	842	1
457	334	1
457	373	1
458	784	1
458	2304	1
458	373	1
458	1581	1
459	684	1
459	1256	1
459	1050	1
459	1964	1
459	784	1
459	842	1
459	741	1
459	2304	1
459	373	1
459	1581	1
459	740	1
460	1469	1
460	1050	1
460	1253	1
460	842	1
460	2304	1
461	2347	1
461	784	1
461	2304	1
461	373	1
461	1581	1
462	1686	1
462	653	1
462	2304	1
463	1204	1
463	80	1
463	2304	1
463	373	1
463	1581	1
464	2347	1
464	784	1
464	373	1
464	1581	1
465	2169	1
465	1686	1
465	684	1
465	1204	1
465	1253	1
465	867	1
465	653	1
465	784	1
465	842	1
465	741	1
465	2304	1
465	373	1
466	1797	1
466	373	1
466	1581	1
467	1469	1
467	2304	1
467	373	1
468	675	1
468	2347	1
468	373	1
468	1581	1
469	937	1
469	675	1
469	2347	1
469	684	1
469	1204	1
469	1769	1
469	80	1
469	1581	1
469	1049	1
470	1686	1
470	842	1
470	373	1
471	2347	1
471	741	1
471	373	1
471	1581	1
472	1686	1
472	842	1
472	2304	1
472	373	1
473	2347	1
473	784	1
473	1581	1
474	1469	1
474	2347	1
474	373	1
475	2347	1
475	1050	1
475	842	1
476	1232	1
476	1469	1
476	446	1
476	1686	1
476	1941	1
476	784	1
476	842	1
476	2304	1
477	675	1
477	1469	1
477	446	1
477	2347	1
477	3	1
477	842	1
477	373	1
477	1581	1
478	1797	1
478	1633	1
478	675	1
478	2347	1
478	1686	1
478	1050	1
478	741	1
478	2304	1
478	373	1
479	875	1
479	675	1
479	1686	1
479	373	1
479	1581	1
480	2186	1
480	2169	1
480	875	1
480	2347	1
480	1686	1
480	881	1
480	784	1
480	1237	1
480	1052	1
480	2051	1
480	379	1
480	741	1
480	1744	1
480	2304	1
480	373	1
480	1581	1
480	253	1
480	740	1
481	1686	1
481	842	1
481	2304	1
482	2347	1
482	741	1
482	2304	1
483	2169	1
483	784	1
483	2299	1
483	1744	1
483	2304	1
484	784	1
484	373	1
484	1581	1
485	1581	1
486	2247	1
486	684	1
486	80	1
486	2299	1
486	741	1
486	2304	1
486	373	1
487	1686	1
487	842	1
487	1581	1
488	2347	1
488	373	1
488	1581	1
489	2347	1
489	373	1
489	1581	1
490	875	1
490	675	1
490	455	1
490	2347	1
490	1204	1
490	373	1
491	1797	1
491	2169	1
491	2347	1
491	1256	1
491	1050	1
491	303	1
491	1941	1
491	784	1
491	1783	1
492	675	1
492	2347	1
492	1686	1
492	80	1
492	784	1
493	2347	1
493	1686	1
493	684	1
493	2383	1
493	334	1
493	741	1
494	1686	1
494	1253	1
494	334	1
494	373	1
495	2347	1
495	1050	1
495	373	1
496	1797	1
496	1686	1
496	2304	1
496	373	1
497	2169	1
497	560	1
497	1686	1
497	1050	1
497	653	1
498	1797	1
498	1686	1
498	2304	1
498	1581	1
499	1686	1
499	1253	1
499	334	1
499	1581	1
499	62	1
500	684	1
500	1314	1
500	1256	1
500	2393	1
500	682	1
500	954	1
500	307	1
500	1557	1
500	842	1
500	334	1
500	62	1
500	272	1
501	729	1
501	1033	1
501	1686	1
501	684	1
501	307	1
501	1736	1
501	326	1
501	62	1
502	46	1
502	1633	1
502	675	1
502	698	1
502	684	1
502	1021	1
502	1808	1
502	2383	1
502	2281	1
502	285	1
502	1215	1
502	369	1
502	682	1
502	954	1
502	1088	1
502	842	1
502	741	1
502	272	1
502	2375	1
503	1686	1
503	954	1
503	842	1
503	62	1
504	937	1
504	675	1
504	1686	1
504	684	1
504	1253	1
504	2383	1
504	287	1
504	1557	1
504	842	1
504	334	1
504	741	1
504	1049	1
505	1910	1
505	1875	1
505	2169	1
505	1421	1
505	875	1
505	1232	1
505	2347	1
505	1686	1
505	684	1
505	1228	1
505	1374	1
505	1103	1
505	1075	1
505	1204	1
505	653	1
505	1271	1
505	80	1
505	1941	1
505	2157	1
505	1557	1
505	1956	1
505	842	1
505	334	1
505	741	1
505	62	1
505	917	1
506	1470	1
506	1875	1
506	1232	1
506	2347	1
506	1686	1
506	415	1
506	1261	1
506	1103	1
506	2231	1
506	1173	1
506	1256	1
506	1253	1
506	2092	1
506	80	1
506	1941	1
506	2299	1
506	334	1
506	741	1
506	62	1
506	2216	1
506	2375	1
507	1708	1
507	937	1
507	908	1
507	523	1
507	1734	1
507	882	1
507	1470	1
507	1119	1
507	354	1
507	1633	1
507	2169	1
507	1702	1
507	816	1
507	1111	1
507	799	1
507	329	1
507	1114	1
507	275	1
507	470	1
507	2201	1
507	2035	1
507	2215	1
507	1174	1
507	1506	1
507	1562	1
507	614	1
507	675	1
507	428	1
507	1878	1
507	1995	1
507	35	1
507	1469	1
507	2032	1
507	928	1
507	628	1
507	1091	1
507	1593	1
507	1140	1
507	1863	1
507	1072	1
507	2347	1
507	1747	1
507	2093	1
507	418	1
507	1950	1
507	1737	1
507	380	1
507	251	1
507	589	1
507	537	1
507	1121	1
507	1124	1
507	1686	1
507	415	1
507	1356	1
507	90	1
507	1696	1
507	1380	1
507	698	1
507	1862	1
507	663	1
507	684	1
507	758	1
507	1261	1
507	704	1
507	1999	1
507	198	1
507	297	1
507	2108	1
507	0	1
507	2321	1
507	1173	1
507	2200	1
507	1816	1
507	952	1
507	1067	1
507	828	1
507	1133	1
507	759	1
507	1384	1
507	1256	1
507	1650	1
507	1270	1
507	2020	1
507	579	1
507	1069	1
507	248	1
507	1808	1
507	595	1
507	601	1
507	1153	1
507	743	1
507	2267	1
507	2005	1
507	1024	1
507	1152	1
507	1192	1
507	1751	1
507	1621	1
507	956	1
507	1434	1
507	1253	1
507	2114	1
507	2030	1
507	2164	1
507	1230	1
507	2068	1
507	74	1
507	1249	1
507	303	1
507	903	1
507	1408	1
507	395	1
507	1595	1
507	1955	1
507	1848	1
507	399	1
507	145	1
507	1149	1
507	310	1
507	2276	1
507	1036	1
507	863	1
507	215	1
507	1271	1
507	1350	1
507	1704	1
507	1758	1
507	1865	1
507	1929	1
507	437	1
507	1769	1
507	557	1
507	447	1
507	1107	1
507	794	1
507	1791	1
507	820	1
507	810	1
507	1970	1
507	103	1
507	1735	1
507	1635	1
507	1654	1
507	612	1
507	2399	1
507	927	1
507	1297	1
507	1839	1
507	190	1
507	2300	1
507	2036	1
507	1163	1
507	964	1
507	450	1
507	2430	1
507	1962	1
507	1460	1
507	567	1
507	430	1
507	2358	1
507	1897	1
507	2102	1
507	153	1
507	2212	1
507	2039	1
507	1197	1
507	1167	1
507	1355	1
507	129	1
507	954	1
507	1259	1
507	1941	1
507	656	1
507	462	1
507	31	1
507	1882	1
507	738	1
507	1485	1
507	1264	1
507	401	1
507	39	1
507	2332	1
507	1634	1
507	240	1
507	1540	1
507	569	1
507	791	1
507	697	1
507	307	1
507	1918	1
507	1464	1
507	175	1
507	360	1
507	756	1
507	1664	1
507	1161	1
507	1147	1
507	1524	1
507	1932	1
507	519	1
507	1692	1
507	420	1
507	623	1
507	2434	1
507	784	1
507	817	1
507	163	1
507	766	1
507	488	1
507	87	1
507	317	1
507	1039	1
507	712	1
507	1223	1
507	1908	1
507	1489	1
507	368	1
507	23	1
507	1991	1
507	1534	1
507	1813	1
507	2316	1
507	2278	1
507	289	1
507	2143	1
507	2094	1
507	2343	1
507	1855	1
507	226	1
507	611	1
507	14	1
507	847	1
507	842	1
507	1019	1
507	1269	1
507	334	1
507	741	1
507	2303	1
507	556	1
507	934	1
507	1344	1
507	514	1
507	2154	1
507	1764	1
507	1684	1
507	1824	1
507	1556	1
507	2361	1
507	1062	1
507	1263	1
507	2153	1
507	1722	1
507	1027	1
507	1628	1
507	2266	1
507	1099	1
507	1537	1
507	1218	1
507	222	1
507	2048	1
507	814	1
507	49	1
507	210	1
507	692	1
507	459	1
507	1915	1
507	316	1
507	1061	1
507	312	1
507	17	1
507	1661	1
507	696	1
507	2072	1
507	1324	1
507	2000	1
507	62	1
507	1740	1
507	554	1
507	1850	1
507	133	1
507	1317	1
507	1815	1
507	2170	1
507	1766	1
507	1127	1
507	438	1
507	2216	1
507	2204	1
507	959	1
507	1922	1
507	2148	1
507	1880	1
507	2134	1
507	1623	1
507	1591	1
507	1287	1
507	808	1
507	2375	1
507	335	1
507	1379	1
507	1732	1
507	1869	1
507	2323	1
507	2144	1
507	976	1
507	474	1
507	425	1
507	722	1
507	630	1
507	1359	1
507	615	1
507	885	1
507	1498	1
507	1716	1
507	603	1
507	1987	1
507	2006	1
507	1440	1
507	1426	1
507	1467	1
507	1247	1
508	887	1
508	2347	1
508	1402	1
508	2267	1
508	975	1
508	319	1
508	954	1
508	2146	1
508	1775	1
508	1557	1
508	8	1
509	1686	1
509	1799	1
509	842	1
509	334	1
509	62	1
510	989	1
510	1875	1
510	887	1
510	1686	1
510	1051	1
510	1390	1
510	684	1
510	1228	1
510	1256	1
510	1769	1
510	954	1
510	1557	1
510	842	1
510	334	1
510	256	1
510	62	1
510	1287	1
511	875	1
511	1469	1
511	2231	1
511	1253	1
511	867	1
511	1172	1
511	2092	1
511	954	1
511	307	1
511	1557	1
511	334	1
511	741	1
511	1736	1
511	49	1
512	937	1
512	1403	1
512	875	1
512	2347	1
512	1686	1
512	1390	1
512	1021	1
512	1204	1
512	1569	1
512	653	1
512	1149	1
512	1799	1
512	1544	1
512	1155	1
512	1049	1
512	917	1
512	1786	1
512	2375	1
513	937	1
513	875	1
513	1686	1
513	684	1
513	1204	1
513	1149	1
513	1769	1
513	1601	1
513	1131	1
513	842	1
513	334	1
513	1290	1
513	2375	1
513	535	1
514	937	1
514	1380	1
514	684	1
514	868	1
514	954	1
514	1189	1
514	1131	1
514	334	1
514	151	1
514	1290	1
514	2375	1
515	1403	1
515	1686	1
515	684	1
515	1253	1
515	2383	1
515	954	1
515	1557	1
515	151	1
515	62	1
515	1290	1
515	2235	1
516	1469	1
516	1033	1
516	1686	1
516	684	1
516	983	1
516	1261	1
516	2231	1
516	952	1
516	1253	1
516	867	1
516	653	1
516	842	1
516	1744	1
516	17	1
516	95	1
516	62	1
517	684	1
517	1557	1
517	842	1
517	334	1
518	1875	1
518	1033	1
518	1686	1
518	983	1
518	1261	1
518	1374	1
518	2162	1
518	952	1
518	1253	1
518	867	1
518	303	1
518	395	1
518	653	1
518	794	1
518	1088	1
518	741	1
518	17	1
518	95	1
518	633	1
518	1071	1
519	875	1
519	1469	1
519	1739	1
519	983	1
519	1204	1
519	867	1
519	2383	1
519	653	1
519	1171	1
519	373	1
519	944	1
520	1422	1
520	2239	1
520	1686	1
520	1256	1
520	661	1
520	653	1
520	1213	1
520	942	1
520	1433	1
520	842	1
520	1677	1
521	1422	1
521	2239	1
521	1213	1
521	842	1
521	741	1
521	1387	1
522	1469	1
522	2347	1
522	684	1
522	1204	1
522	85	1
522	2383	1
522	2110	1
522	653	1
522	511	1
522	1744	1
522	256	1
522	373	1
522	535	1
523	2239	1
523	1941	1
523	942	1
524	333	1
524	2347	1
524	1686	1
524	1228	1
524	1548	1
524	661	1
524	2383	1
524	653	1
524	1213	1
524	842	1
524	741	1
524	1677	1
525	1422	1
525	1469	1
525	1374	1
525	2273	1
525	2231	1
525	1658	1
525	653	1
525	1213	1
525	741	1
525	733	1
525	1387	1
526	1875	1
526	1686	1
526	653	1
526	842	1
526	741	1
527	937	1
527	875	1
527	684	1
527	1256	1
527	1830	1
527	653	1
527	954	1
527	2146	1
527	307	1
527	1254	1
527	842	1
527	741	1
528	333	1
528	1474	1
528	1686	1
528	684	1
528	1204	1
528	653	1
528	954	1
528	842	1
529	1403	1
529	875	1
529	1686	1
529	1374	1
529	1253	1
529	867	1
529	2416	1
529	2383	1
529	1149	1
529	1769	1
529	81	1
529	339	1
529	2157	1
529	1131	1
529	837	1
529	784	1
529	137	1
529	1557	1
529	334	1
529	1736	1
529	256	1
529	151	1
529	62	1
529	1743	1
529	917	1
529	551	1
529	1287	1
529	2119	1
530	1633	1
530	1713	1
530	1033	1
530	1686	1
530	2231	1
530	2321	1
530	1256	1
530	2343	1
530	842	1
530	917	1
530	1287	1
530	1525	1
531	875	1
531	1686	1
531	2383	1
531	2248	1
531	842	1
531	256	1
532	875	1
532	2347	1
532	1686	1
532	1050	1
532	62	1
533	2377	1
533	1713	1
534	1686	1
534	684	1
534	653	1
534	954	1
534	373	1
534	62	1
534	772	1
534	507	1
535	1797	1
535	2347	1
535	684	1
535	2304	1
536	1797	1
536	2304	1
536	1581	1
537	2206	1
538	2169	1
538	1729	1
538	1581	1
539	333	1
539	2347	1
539	1050	1
539	653	1
540	2347	1
540	684	1
540	1050	1
540	794	1
540	225	1
540	2051	1
540	379	1
540	842	1
540	438	1
541	2009	1
541	2347	1
541	684	1
541	794	1
541	2051	1
541	379	1
541	842	1
541	741	1
541	373	1
542	875	1
542	2347	1
542	684	1
542	1050	1
542	373	1
543	875	1
543	2347	1
543	1050	1
543	303	1
544	922	1
544	1943	1
544	1694	1
544	1059	1
544	874	1
544	1936	1
544	1541	1
544	969	1
544	2183	1
544	842	1
544	1322	1
544	373	1
544	1458	1
544	1771	1
545	2409	1
545	2247	1
545	1729	1
545	1777	1
545	1232	1
545	809	1
545	333	1
545	2360	1
545	2347	1
545	1686	1
545	424	1
545	467	1
545	1059	1
545	2163	1
545	1228	1
545	2321	1
545	874	1
545	1050	1
545	1253	1
545	749	1
545	1769	1
545	1526	1
545	619	1
545	1936	1
545	80	1
545	1941	1
545	115	1
545	1837	1
545	2146	1
545	1450	1
545	2294	1
545	98	1
545	195	1
545	683	1
545	348	1
545	379	1
545	1019	1
545	334	1
545	741	1
545	2361	1
545	654	1
545	2065	1
545	1736	1
545	2304	1
545	1783	1
545	17	1
545	373	1
545	1581	1
545	1652	1
545	1771	1
545	1287	1
545	808	1
545	1776	1
545	1010	1
546	937	1
546	2347	1
546	1713	1
546	1686	1
546	1173	1
546	819	1
546	2092	1
546	954	1
546	307	1
547	937	1
547	875	1
547	887	1
547	1469	1
547	1050	1
547	819	1
547	954	1
547	1941	1
547	307	1
548	937	1
548	875	1
548	2347	1
548	1098	1
548	334	1
548	741	1
548	2216	1
548	1677	1
549	2377	1
549	1686	1
549	2231	1
549	1173	1
549	954	1
549	1941	1
550	937	1
550	875	1
550	1686	1
550	1941	1
550	842	1
550	1677	1
551	1098	1
551	1050	1
551	1936	1
551	1286	1
551	1941	1
551	1109	1
552	1729	1
552	1228	1
552	80	1
553	1729	1
553	2347	1
553	1050	1
553	1584	1
553	741	1
554	684	1
554	1277	1
555	1729	1
555	2347	1
555	1050	1
555	1584	1
556	1797	1
556	1312	1
556	1050	1
556	2051	1
557	80	1
557	2157	1
557	379	1
557	842	1
557	373	1
557	1581	1
558	1277	1
558	741	1
559	875	1
559	1232	1
559	684	1
559	1050	1
559	842	1
559	741	1
559	2216	1
560	684	1
560	2344	1
560	1050	1
560	2383	1
560	954	1
560	741	1
560	2361	1
560	49	1
561	2347	1
561	684	1
561	1050	1
562	2347	1
562	537	1
562	1686	1
562	1253	1
562	653	1
562	1744	1
563	1729	1
563	1469	1
563	684	1
563	80	1
563	954	1
563	842	1
563	741	1
563	2216	1
564	1797	1
564	1253	1
564	373	1
565	1241	1
565	1633	1
565	865	1
565	2409	1
565	922	1
565	2286	1
565	2217	1
565	332	1
565	1935	1
565	220	1
565	1968	1
565	1925	1
565	547	1
565	1095	1
565	1847	1
565	1194	1
565	802	1
565	355	1
565	2067	1
565	749	1
565	2097	1
565	557	1
565	1890	1
565	1936	1
565	1899	1
565	493	1
565	414	1
565	1332	1
565	531	1
565	954	1
565	1491	1
565	115	1
565	2157	1
565	1262	1
565	238	1
565	679	1
565	1276	1
565	195	1
565	109	1
565	842	1
565	741	1
565	206	1
565	1285	1
565	1783	1
565	736	1
565	1771	1
565	1177	1
565	2216	1
565	259	1
566	875	1
566	333	1
566	1686	1
566	684	1
566	741	1
566	1744	1
566	2304	1
566	1581	1
567	937	1
567	865	1
567	1469	1
567	2347	1
567	1033	1
567	1686	1
567	1374	1
567	2321	1
567	1204	1
567	1256	1
567	1253	1
567	794	1
567	307	1
567	1088	1
567	334	1
567	741	1
567	62	1
567	1049	1
567	1287	1
567	30	1
567	1525	1
568	989	1
568	1875	1
568	333	1
568	1686	1
568	684	1
568	1204	1
568	1830	1
568	1253	1
568	794	1
568	307	1
568	784	1
568	1677	1
569	989	1
569	250	1
569	333	1
569	1686	1
569	983	1
569	1204	1
569	653	1
569	794	1
569	1540	1
569	1088	1
569	784	1
569	842	1
569	1581	1
569	1677	1
569	633	1
570	875	1
570	1469	1
570	1033	1
570	2383	1
570	653	1
570	1149	1
570	794	1
570	576	1
570	307	1
570	1088	1
570	1851	1
570	62	1
571	1633	1
571	1469	1
571	1772	1
571	2298	1
571	698	1
571	509	1
571	2273	1
571	2321	1
571	1204	1
571	1256	1
571	1549	1
571	653	1
571	2092	1
571	205	1
571	913	1
571	2157	1
571	1088	1
571	334	1
571	741	1
571	917	1
571	2375	1
571	1387	1
572	1875	1
572	875	1
572	675	1
572	455	1
572	1686	1
572	1253	1
572	2383	1
572	954	1
572	1254	1
572	17	1
572	62	1
572	30	1
573	1875	1
573	333	1
573	1469	1
573	2347	1
573	729	1
573	1033	1
573	1686	1
573	1204	1
573	707	1
573	1256	1
573	1253	1
573	1149	1
573	954	1
573	1941	1
573	576	1
573	842	1
573	741	1
573	17	1
573	1551	1
573	2216	1
574	937	1
574	875	1
574	675	1
574	1469	1
574	1686	1
574	1103	1
574	2321	1
574	1256	1
574	1253	1
574	881	1
574	303	1
574	2393	1
574	653	1
574	2208	1
574	954	1
574	1941	1
574	2157	1
574	307	1
574	1254	1
574	842	1
574	334	1
574	741	1
574	17	1
574	373	1
574	62	1
574	1342	1
574	30	1
575	1797	1
575	675	1
575	455	1
575	2347	1
575	684	1
575	2321	1
575	1204	1
575	1830	1
575	2383	1
575	794	1
575	1088	1
575	842	1
575	741	1
575	95	1
575	1581	1
575	62	1
576	937	1
576	865	1
576	875	1
576	675	1
576	1998	1
576	1033	1
576	1686	1
576	1390	1
576	1374	1
576	1103	1
576	2321	1
576	1204	1
576	1256	1
576	392	1
576	975	1
576	2383	1
576	274	1
576	749	1
576	653	1
576	1149	1
576	1828	1
576	954	1
576	2157	1
576	2343	1
576	2404	1
576	842	1
576	741	1
576	17	1
576	373	1
576	62	1
576	396	1
576	917	1
576	272	1
576	1551	1
576	1287	1
576	1342	1
577	875	1
577	333	1
577	1469	1
577	251	1
577	1033	1
577	1686	1
577	106	1
577	1314	1
577	1228	1
577	1204	1
577	1253	1
577	2130	1
577	303	1
577	2383	1
577	653	1
577	794	1
577	954	1
577	1601	1
577	307	1
577	1088	1
577	2301	1
577	1851	1
577	1860	1
577	842	1
577	741	1
577	2361	1
577	62	1
577	1458	1
577	438	1
577	2216	1
578	937	1
578	1403	1
578	642	1
578	1421	1
578	875	1
578	887	1
578	2347	1
578	1033	1
578	1380	1
578	1390	1
578	684	1
578	1103	1
578	1204	1
578	1384	1
578	1256	1
578	867	1
578	2416	1
578	2383	1
578	1149	1
578	1769	1
578	660	1
578	1331	1
578	954	1
578	2157	1
578	1189	1
578	1131	1
578	837	1
578	1540	1
578	728	1
578	784	1
578	1991	1
578	2343	1
578	842	1
578	741	1
578	373	1
578	151	1
578	1290	1
578	917	1
578	272	1
578	1687	1
578	1746	1
579	1729	1
579	1999	1
579	303	1
580	223	1
580	1713	1
580	1033	1
580	907	1
580	1253	1
580	2182	1
580	954	1
580	1088	1
580	352	1
580	741	1
580	17	1
580	256	1
580	2017	1
580	438	1
580	1856	1
581	887	1
581	1390	1
581	867	1
581	1769	1
581	129	1
581	2157	1
581	784	1
581	334	1
581	62	1
581	2375	1
581	2119	1
582	1748	1
582	684	1
582	784	1
582	1557	1
582	334	1
582	62	1
582	2119	1
583	1686	1
583	684	1
583	867	1
583	784	1
583	1557	1
583	334	1
583	62	1
584	1380	1
584	1769	1
584	2092	1
584	129	1
584	954	1
584	1540	1
584	1557	1
584	842	1
584	1736	1
584	917	1
585	684	1
585	2321	1
585	867	1
585	1769	1
585	2092	1
585	129	1
585	954	1
585	842	1
585	151	1
585	1743	1
585	2375	1
586	989	1
586	2109	1
586	2347	1
586	807	1
586	684	1
586	1256	1
586	1830	1
586	1769	1
586	794	1
586	954	1
586	1088	1
586	741	1
586	62	1
586	693	1
586	917	1
586	2216	1
586	2311	1
586	1525	1
587	989	1
587	875	1
587	333	1
587	1474	1
587	2347	1
587	1686	1
587	1374	1
587	1040	1
587	1253	1
587	1540	1
587	1094	1
587	1182	1
587	1088	1
587	741	1
587	1736	1
587	1793	1
587	256	1
587	62	1
587	944	1
587	1071	1
587	1746	1
587	2119	1
588	937	1
588	1633	1
588	1232	1
588	333	1
588	760	1
588	467	1
588	684	1
588	1402	1
588	2321	1
588	1204	1
588	1256	1
588	975	1
588	1253	1
588	749	1
588	653	1
588	2092	1
588	1941	1
588	576	1
588	712	1
588	1557	1
588	2343	1
588	842	1
588	113	1
588	17	1
588	1581	1
588	62	1
588	917	1
588	2216	1
588	2375	1
588	2119	1
589	1797	1
589	1469	1
589	1686	1
589	1228	1
589	2321	1
589	1256	1
589	1253	1
589	2092	1
589	954	1
589	49	1
589	62	1
589	917	1
590	937	1
590	1469	1
590	2347	1
590	1686	1
590	2321	1
590	653	1
590	954	1
590	842	1
590	49	1
590	62	1
590	917	1
591	1797	1
591	937	1
591	1469	1
591	1686	1
591	1228	1
591	2321	1
591	1256	1
591	1253	1
591	2092	1
591	576	1
591	49	1
591	373	1
591	917	1
591	2375	1
592	1891	1
592	887	1
592	1469	1
592	1713	1
592	597	1
592	1374	1
592	304	1
592	268	1
592	1331	1
592	151	1
592	1287	1
593	1713	1
593	597	1
593	954	1
593	571	1
593	728	1
593	151	1
594	1469	1
594	1739	1
594	597	1
594	304	1
594	2231	1
594	2383	1
594	268	1
594	1331	1
594	954	1
594	728	1
594	842	1
595	1713	1
595	1686	1
595	1682	1
595	2258	1
595	571	1
595	866	1
595	307	1
595	728	1
595	616	1
595	842	1
595	647	1
596	937	1
596	989	1
596	1469	1
596	2347	1
596	1033	1
596	1686	1
596	1772	1
596	2321	1
596	1204	1
596	1256	1
596	1830	1
596	1253	1
596	653	1
596	1828	1
596	954	1
596	1941	1
596	2157	1
596	307	1
596	1088	1
596	334	1
596	741	1
596	62	1
596	2375	1
597	1469	1
597	597	1
597	954	1
597	571	1
597	1557	1
597	334	1
598	1686	1
598	684	1
598	867	1
598	2383	1
598	285	1
598	954	1
598	1088	1
598	784	1
598	334	1
598	741	1
598	533	1
599	887	1
599	1686	1
599	684	1
599	2231	1
599	1088	1
599	334	1
599	17	1
599	151	1
599	1743	1
599	2375	1
599	1746	1
599	1525	1
600	937	1
600	875	1
600	455	1
600	2347	1
600	1033	1
600	1686	1
600	1253	1
600	2383	1
600	2092	1
600	954	1
600	1088	1
600	842	1
600	334	1
600	256	1
600	373	1
601	1232	1
601	1686	1
601	1374	1
601	2321	1
601	1256	1
601	1830	1
601	1253	1
601	395	1
601	1955	1
601	1769	1
601	794	1
601	240	1
601	307	1
601	1088	1
601	842	1
601	113	1
601	334	1
601	1783	1
601	62	1
601	2216	1
601	1287	1
601	2375	1
601	1342	1
601	1426	1
602	937	1
602	875	1
602	675	1
602	2347	1
602	1686	1
602	684	1
602	1256	1
602	1253	1
602	2383	1
602	784	1
602	1557	1
602	842	1
602	334	1
602	8	1
602	1287	1
603	568	1
603	188	1
603	403	1
603	842	1
603	741	1
604	1891	1
604	1232	1
604	333	1
604	251	1
604	729	1
604	1033	1
604	1312	1
604	467	1
604	698	1
604	1228	1
604	681	1
604	1374	1
604	1103	1
604	1098	1
604	2321	1
604	1204	1
604	1256	1
604	1253	1
604	749	1
604	954	1
604	1941	1
604	2157	1
604	996	1
604	2343	1
604	842	1
604	1736	1
604	17	1
604	62	1
604	2216	1
604	2375	1
605	989	1
605	2186	1
605	1875	1
605	875	1
605	333	1
605	2347	1
605	1312	1
605	10	1
605	1103	1
605	919	1
605	2319	1
605	1253	1
605	303	1
605	395	1
605	653	1
605	954	1
605	2157	1
605	996	1
605	1088	1
605	712	1
605	731	1
605	20	1
605	1736	1
605	17	1
605	62	1
605	736	1
606	937	1
606	989	1
606	642	1
606	887	1
606	1686	1
606	684	1
606	597	1
606	653	1
606	1131	1
606	728	1
606	1088	1
606	842	1
606	334	1
606	151	1
606	917	1
606	2375	1
606	2119	1
607	1797	1
607	989	1
607	1875	1
607	875	1
607	1232	1
607	2191	1
607	1469	1
607	807	1
607	1033	1
607	1374	1
607	1103	1
607	926	1
607	149	1
607	2383	1
607	1789	1
607	1941	1
607	2157	1
607	576	1
607	1357	1
607	1088	1
607	1132	1
607	225	1
607	379	1
607	334	1
607	373	1
607	1581	1
607	62	1
607	693	1
607	438	1
608	1633	1
608	875	1
608	1320	1
608	455	1
608	1469	1
608	1686	1
608	2321	1
608	955	1
608	1253	1
608	2383	1
608	1955	1
608	2185	1
608	184	1
608	1088	1
608	400	1
608	62	1
608	1856	1
609	989	1
609	1875	1
609	250	1
609	333	1
609	1686	1
609	1256	1
609	1830	1
609	1253	1
609	867	1
609	653	1
609	1868	1
609	794	1
609	78	1
609	2157	1
609	1540	1
609	307	1
609	784	1
609	842	1
609	741	1
609	2304	1
609	17	1
609	373	1
610	989	1
610	1875	1
610	1686	1
610	1103	1
610	1253	1
610	653	1
610	794	1
610	2157	1
610	1540	1
610	1088	1
610	784	1
610	842	1
610	334	1
610	2304	1
610	373	1
610	62	1
610	1677	1
610	801	1
611	989	1
611	1119	1
611	2132	1
611	875	1
611	1232	1
611	333	1
611	1469	1
611	2347	1
611	1713	1
611	1033	1
611	1686	1
611	1374	1
611	1830	1
611	749	1
611	653	1
611	1865	1
611	1769	1
611	2157	1
611	1601	1
611	307	1
611	1254	1
611	334	1
611	1736	1
611	17	1
611	1551	1
611	1525	1
612	333	1
612	1469	1
612	967	1
612	2347	1
612	684	1
612	1374	1
612	1253	1
612	1277	1
612	954	1
612	2157	1
612	1088	1
612	842	1
612	17	1
612	1242	1
612	62	1
613	875	1
613	1686	1
613	1253	1
613	842	1
613	741	1
613	373	1
613	62	1
614	1119	1
614	2347	1
614	1686	1
614	684	1
614	1204	1
614	1253	1
614	842	1
614	741	1
614	62	1
615	875	1
615	1469	1
615	1033	1
615	1256	1
615	1253	1
615	2092	1
615	954	1
615	1540	1
615	573	1
615	842	1
615	334	1
615	49	1
615	62	1
615	693	1
615	438	1
616	887	1
616	2347	1
616	1686	1
616	2321	1
616	1253	1
616	1149	1
616	842	1
616	741	1
616	62	1
617	1686	1
617	2321	1
617	1256	1
617	1253	1
617	954	1
617	307	1
617	334	1
617	62	1
617	2375	1
618	1633	1
618	2213	1
618	390	1
618	2347	1
618	1686	1
618	1999	1
618	2321	1
618	1253	1
618	303	1
618	395	1
618	1955	1
618	2312	1
618	2397	1
618	612	1
618	115	1
618	2157	1
618	842	1
618	737	1
618	741	1
618	2361	1
618	587	1
618	1178	1
619	1686	1
619	684	1
619	954	1
619	741	1
620	1686	1
620	684	1
620	954	1
620	741	1
621	684	1
621	842	1
621	334	1
621	741	1
622	1797	1
622	989	1
622	875	1
622	1232	1
622	1469	1
622	2347	1
622	684	1
622	1425	1
622	1253	1
622	2383	1
622	954	1
622	2157	1
622	842	1
622	741	1
622	1736	1
622	2304	1
622	95	1
622	62	1
622	1426	1
623	1469	1
623	2347	1
623	729	1
623	1033	1
623	1686	1
623	1228	1
623	1374	1
623	1098	1
623	1830	1
623	2383	1
623	2312	1
623	653	1
623	530	1
623	1769	1
623	307	1
623	1088	1
623	842	1
623	334	1
623	62	1
623	572	1
623	1426	1
624	937	1
624	2132	1
624	1633	1
624	875	1
624	675	1
624	1686	1
624	2321	1
624	1256	1
624	441	1
624	975	1
624	1253	1
624	1955	1
624	794	1
624	1941	1
624	307	1
624	2343	1
624	842	1
624	334	1
624	49	1
624	373	1
624	62	1
624	8	1
624	2216	1
624	1856	1
624	30	1
625	2132	1
625	1633	1
625	875	1
625	2079	1
625	675	1
625	1469	1
625	1998	1
625	537	1
625	1033	1
625	1686	1
625	684	1
625	1228	1
625	1374	1
625	2321	1
625	1204	1
625	1256	1
625	1050	1
625	1830	1
625	1253	1
625	867	1
625	395	1
625	1955	1
625	1215	1
625	653	1
625	1584	1
625	1769	1
625	954	1
625	1941	1
625	2157	1
625	307	1
625	1210	1
625	2343	1
625	1052	1
625	842	1
625	741	1
625	1480	1
625	373	1
625	1458	1
625	30	1
626	989	1
626	1469	1
626	2347	1
626	760	1
626	1686	1
626	1228	1
626	2383	1
626	653	1
626	980	1
626	2092	1
626	954	1
626	1088	1
626	842	1
626	62	1
626	1857	1
627	865	1
627	875	1
627	333	1
627	2347	1
627	1686	1
627	684	1
627	1261	1
627	2162	1
627	1204	1
627	1830	1
627	2383	1
627	988	1
627	395	1
627	749	1
627	1149	1
627	2092	1
627	1136	1
627	1557	1
627	2343	1
627	1956	1
627	842	1
627	334	1
627	741	1
627	1736	1
627	17	1
627	272	1
627	2375	1
627	1821	1
627	2119	1
627	1502	1
628	989	1
628	1469	1
628	1204	1
628	1256	1
628	1253	1
628	867	1
628	954	1
628	307	1
628	1088	1
628	842	1
628	334	1
628	17	1
628	256	1
628	62	1
629	1686	1
629	1380	1
629	1204	1
629	2092	1
629	129	1
629	1956	1
629	842	1
629	334	1
629	2216	1
630	1875	1
630	1421	1
630	875	1
630	2347	1
630	1686	1
630	1253	1
630	867	1
630	1801	1
630	653	1
630	794	1
630	129	1
630	1540	1
630	307	1
630	1088	1
630	573	1
630	1956	1
630	842	1
630	334	1
630	741	1
630	2361	1
630	1218	1
630	8	1
630	917	1
630	2216	1
630	2375	1
630	1426	1
630	1525	1
631	1622	1
631	751	1
631	642	1
631	1854	1
631	887	1
631	1380	1
631	2321	1
631	1204	1
631	1384	1
631	1549	1
631	2337	1
631	1215	1
631	1188	1
631	980	1
631	682	1
631	1940	1
631	1557	1
631	1578	1
631	334	1
631	1736	1
631	1324	1
631	1852	1
631	826	1
631	30	1
632	989	1
632	875	1
632	333	1
632	1204	1
632	867	1
632	2383	1
632	1941	1
632	2157	1
632	1088	1
632	573	1
632	842	1
632	741	1
632	1736	1
632	256	1
632	373	1
632	62	1
633	1380	1
633	1402	1
633	1495	1
633	2321	1
633	975	1
633	530	1
633	1769	1
633	471	1
633	1030	1
633	1736	1
634	1797	1
634	937	1
634	2205	1
634	989	1
634	875	1
634	455	1
634	2347	1
634	729	1
634	1033	1
634	1228	1
634	1374	1
634	1204	1
634	1955	1
634	1215	1
634	653	1
634	1149	1
634	1769	1
634	954	1
634	1941	1
634	307	1
634	1088	1
634	356	1
634	1254	1
634	1586	1
634	842	1
634	1019	1
634	334	1
634	373	1
634	62	1
634	2017	1
634	2216	1
634	30	1
635	1469	1
635	1033	1
635	684	1
635	395	1
635	334	1
635	741	1
636	989	1
636	684	1
636	2343	1
636	741	1
636	1677	1
637	989	1
637	2169	1
637	875	1
637	675	1
637	455	1
637	1474	1
637	1713	1
637	760	1
637	1686	1
637	684	1
637	1228	1
637	1103	1
637	1253	1
637	867	1
637	303	1
637	682	1
637	954	1
637	1941	1
637	1601	1
637	1540	1
637	307	1
637	1210	1
637	1088	1
637	2299	1
637	2343	1
637	334	1
637	741	1
637	1736	1
637	256	1
637	373	1
637	62	1
637	272	1
637	1677	1
637	2119	1
637	180	1
637	1856	1
637	363	1
638	1797	1
638	2169	1
638	875	1
638	1469	1
638	1474	1
638	1713	1
638	760	1
638	1033	1
638	684	1
638	1402	1
638	983	1
638	1103	1
638	1098	1
638	2231	1
638	1204	1
638	1256	1
638	1050	1
638	1253	1
638	303	1
638	2383	1
638	653	1
638	1149	1
638	2106	1
638	2092	1
638	954	1
638	2157	1
638	1601	1
638	1237	1
638	2404	1
638	1744	1
638	1736	1
638	272	1
638	1677	1
638	2119	1
638	180	1
638	1856	1
638	363	1
639	989	1
639	333	1
639	1469	1
639	2347	1
639	1033	1
639	684	1
639	1374	1
639	1253	1
639	653	1
639	954	1
639	1540	1
639	307	1
639	842	1
639	334	1
639	1736	1
639	693	1
639	2216	1
640	937	1
640	989	1
640	1686	1
640	684	1
640	1253	1
640	1769	1
640	2092	1
640	954	1
640	1557	1
640	334	1
640	917	1
640	2375	1
640	2119	1
640	1525	1
641	333	1
641	1374	1
641	1277	1
641	1941	1
641	842	1
641	741	1
641	17	1
641	438	1
642	333	1
642	1452	1
642	390	1
642	2347	1
642	303	1
642	994	1
642	2312	1
642	653	1
642	612	1
642	115	1
642	1097	1
642	1302	1
642	62	1
643	675	1
643	2347	1
643	1033	1
643	684	1
643	867	1
643	1088	1
643	842	1
643	334	1
643	1581	1
643	62	1
644	2157	1
644	842	1
644	2361	1
644	256	1
644	62	1
645	937	1
645	875	1
645	1232	1
645	333	1
645	1469	1
645	2347	1
645	1033	1
645	1686	1
645	684	1
645	653	1
645	1769	1
645	80	1
645	954	1
645	1941	1
645	307	1
645	2404	1
645	842	1
645	741	1
645	17	1
645	256	1
645	62	1
646	989	1
646	1033	1
646	1686	1
646	684	1
646	395	1
646	1088	1
647	333	1
647	390	1
647	2347	1
647	1204	1
647	303	1
647	2312	1
647	653	1
647	842	1
647	1019	1
647	2361	1
647	256	1
648	1318	1
648	333	1
648	1469	1
648	1925	1
648	1739	1
648	2162	1
648	2184	1
648	1253	1
648	867	1
648	2383	1
648	2157	1
648	573	1
648	403	1
648	741	1
648	62	1
648	1458	1
648	944	1
648	1071	1
649	1469	1
649	1410	1
649	1686	1
649	1380	1
649	1256	1
649	2100	1
649	1769	1
649	339	1
649	837	1
649	1540	1
649	784	1
649	1557	1
649	842	1
649	741	1
649	256	1
649	151	1
649	272	1
650	887	1
650	1686	1
650	1769	1
650	339	1
650	954	1
650	334	1
650	256	1
650	151	1
650	2119	1
651	1792	1
651	333	1
651	698	1
651	1253	1
651	303	1
651	653	1
651	612	1
651	2092	1
651	954	1
651	2157	1
651	1302	1
651	741	1
651	2361	1
651	256	1
651	62	1
652	333	1
652	2347	1
652	1204	1
652	1253	1
652	2312	1
652	954	1
652	1097	1
652	842	1
652	2361	1
652	256	1
652	62	1
653	1633	1
653	875	1
653	1686	1
653	684	1
653	1261	1
653	2321	1
653	1756	1
653	2267	1
653	867	1
653	1955	1
653	1941	1
653	240	1
653	1088	1
653	1052	1
653	842	1
653	334	1
653	741	1
653	373	1
653	693	1
653	30	1
654	989	1
654	2377	1
654	887	1
654	1686	1
654	1380	1
654	1228	1
654	1374	1
654	2321	1
654	1384	1
654	1482	1
654	867	1
654	2383	1
654	236	1
654	1941	1
654	1557	1
654	842	1
654	334	1
654	8	1
654	917	1
655	2377	1
655	1033	1
655	1686	1
655	698	1
655	1228	1
655	1374	1
655	2383	1
655	1769	1
655	954	1
655	2157	1
655	1557	1
655	1736	1
655	17	1
655	62	1
655	8	1
655	917	1
655	572	1
655	1287	1
656	937	1
656	989	1
656	865	1
656	887	1
656	2347	1
656	1390	1
656	684	1
656	2321	1
656	1256	1
656	1955	1
656	806	1
656	653	1
656	369	1
656	954	1
656	1088	1
656	1052	1
656	842	1
656	334	1
656	2304	1
656	62	1
657	875	1
657	1469	1
657	684	1
657	1374	1
657	867	1
657	1172	1
657	1769	1
657	682	1
657	2157	1
657	784	1
657	842	1
657	1736	1
657	256	1
657	62	1
657	1458	1
657	917	1
657	1009	1
657	425	1
657	1071	1
657	1746	1
657	2119	1
658	1232	1
658	2347	1
658	1256	1
658	1751	1
658	975	1
658	867	1
658	1769	1
658	557	1
658	1941	1
658	842	1
658	334	1
658	917	1
658	2375	1
658	2119	1
658	1525	1
659	1232	1
659	2197	1
659	729	1
659	1686	1
659	1103	1
659	867	1
659	749	1
659	653	1
659	1769	1
659	557	1
659	682	1
659	954	1
659	1941	1
659	996	1
659	1088	1
659	488	1
659	1557	1
659	2404	1
659	842	1
659	741	1
659	17	1
659	62	1
659	917	1
659	272	1
659	425	1
660	1469	1
660	2347	1
660	1713	1
660	1033	1
660	1686	1
660	794	1
660	307	1
660	842	1
660	1416	1
661	875	1
661	2347	1
661	729	1
661	1033	1
661	1686	1
661	1253	1
661	867	1
661	303	1
661	2383	1
661	2304	1
661	17	1
661	62	1
662	865	1
662	875	1
662	684	1
662	1204	1
662	1253	1
662	867	1
662	653	1
662	2157	1
662	842	1
662	741	1
662	62	1
663	1875	1
663	2409	1
663	1232	1
663	675	1
663	455	1
663	2347	1
663	807	1
663	1686	1
663	1204	1
663	1253	1
663	881	1
663	303	1
663	749	1
663	557	1
663	450	1
663	567	1
663	334	1
663	741	1
663	1783	1
663	1581	1
663	1458	1
663	2216	1
664	875	1
664	2377	1
664	1232	1
664	1477	1
664	1469	1
664	2347	1
664	1686	1
664	467	1
664	1739	1
664	1228	1
664	1374	1
664	1103	1
664	1830	1
664	2383	1
664	395	1
664	794	1
664	996	1
664	1088	1
664	334	1
664	741	1
664	1736	1
664	62	1
664	2216	1
664	1426	1
665	937	1
665	882	1
665	989	1
665	2169	1
665	642	1
665	1421	1
665	887	1
665	455	1
665	1469	1
665	446	1
665	729	1
665	1686	1
665	467	1
665	1228	1
665	1374	1
665	1384	1
665	867	1
665	303	1
665	749	1
665	1149	1
665	1769	1
665	557	1
665	1941	1
665	2157	1
665	996	1
665	1601	1
665	1131	1
665	728	1
665	1557	1
665	741	1
665	1001	1
665	1825	1
665	1218	1
665	373	1
665	1581	1
665	151	1
665	62	1
665	124	1
665	1746	1
665	2119	1
665	1465	1
665	1525	1
666	937	1
666	1633	1
666	875	1
666	1232	1
666	1686	1
666	684	1
666	1228	1
666	2321	1
666	1253	1
666	867	1
666	2383	1
666	557	1
666	1941	1
666	1088	1
666	842	1
666	334	1
666	2375	1
666	1342	1
667	816	1
667	1232	1
667	1469	1
667	2347	1
667	1713	1
667	1033	1
667	1686	1
667	684	1
667	1204	1
667	307	1
667	2343	1
667	842	1
667	263	1
668	989	1
668	275	1
668	1469	1
668	2347	1
668	1033	1
668	1204	1
668	2383	1
668	653	1
668	954	1
668	307	1
668	842	1
668	741	1
668	62	1
668	2375	1
669	887	1
669	675	1
669	1469	1
669	2347	1
669	1686	1
669	1380	1
669	1228	1
669	293	1
669	1256	1
669	2383	1
669	660	1
669	81	1
669	2092	1
669	954	1
669	1941	1
669	2157	1
669	1131	1
669	1540	1
669	510	1
669	750	1
669	334	1
669	1744	1
669	1436	1
669	256	1
669	1743	1
669	917	1
669	551	1
669	2216	1
669	2375	1
670	1686	1
670	867	1
670	842	1
670	741	1
670	17	1
670	438	1
671	989	1
671	2109	1
671	875	1
671	684	1
671	1021	1
671	1204	1
671	1256	1
671	867	1
671	2383	1
671	2393	1
671	1088	1
671	1136	1
671	2343	1
671	842	1
671	741	1
671	917	1
671	1287	1
671	1746	1
671	2119	1
671	1525	1
672	1875	1
672	2347	1
672	1204	1
672	784	1
672	842	1
672	1744	1
673	1875	1
673	875	1
673	1232	1
673	333	1
673	1686	1
673	684	1
673	1374	1
673	1050	1
673	1425	1
673	1979	1
673	567	1
673	1088	1
673	842	1
673	741	1
673	1619	1
673	17	1
673	256	1
673	62	1
673	309	1
673	438	1
673	2216	1
674	1797	1
674	1875	1
674	333	1
674	1469	1
674	2347	1
674	1033	1
674	1253	1
674	2383	1
674	395	1
674	749	1
674	2092	1
674	334	1
674	741	1
674	17	1
674	373	1
674	1458	1
674	2017	1
675	865	1
675	1232	1
675	1494	1
675	2252	1
675	251	1
675	2070	1
675	2225	1
675	653	1
675	1169	1
675	1346	1
675	381	1
675	129	1
675	1941	1
675	1088	1
675	741	1
675	2353	1
675	852	1
675	1922	1
676	875	1
676	1469	1
676	2347	1
676	1033	1
676	684	1
676	1374	1
676	1098	1
676	842	1
677	446	1
677	2347	1
677	1686	1
677	1204	1
677	1053	1
677	867	1
677	303	1
677	1275	1
677	653	1
677	530	1
677	129	1
677	1357	1
677	1540	1
677	1088	1
677	712	1
677	616	1
677	842	1
677	334	1
677	741	1
677	256	1
677	373	1
677	62	1
677	917	1
677	2216	1
677	535	1
678	989	1
678	1232	1
678	1033	1
678	1686	1
678	1374	1
678	144	1
678	1118	1
678	395	1
678	1584	1
678	499	1
678	1088	1
678	842	1
678	572	1
678	2216	1
679	989	1
679	2186	1
679	1875	1
679	1686	1
679	1098	1
679	1256	1
679	1769	1
679	954	1
679	2157	1
679	1088	1
679	842	1
679	741	1
680	1232	1
680	1469	1
680	1033	1
680	684	1
680	1098	1
680	1204	1
680	1584	1
680	2216	1
681	1232	1
681	1469	1
681	1033	1
681	1098	1
681	1204	1
681	1050	1
681	1584	1
681	1941	1
681	741	1
682	1232	1
682	2347	1
682	684	1
682	1098	1
682	1050	1
682	1253	1
682	867	1
682	1584	1
682	1941	1
682	842	1
682	62	1
682	693	1
682	2216	1
683	1469	1
683	2347	1
683	1033	1
683	1686	1
683	684	1
683	1228	1
683	1374	1
683	1204	1
683	1050	1
683	1584	1
683	741	1
684	875	1
684	1232	1
684	333	1
684	1469	1
684	2347	1
684	1686	1
684	1098	1
684	1050	1
684	1941	1
684	842	1
684	2216	1
685	989	1
685	1232	1
685	1033	1
685	684	1
685	1098	1
685	395	1
685	1584	1
685	1941	1
685	842	1
686	2347	1
686	1204	1
686	1256	1
686	954	1
686	1088	1
686	842	1
686	741	1
687	333	1
687	1469	1
687	2347	1
687	1686	1
687	684	1
687	1088	1
688	875	1
688	1033	1
688	1686	1
688	684	1
688	1204	1
688	1050	1
688	1253	1
688	2092	1
688	842	1
688	741	1
688	62	1
689	1469	1
689	1686	1
689	1204	1
689	1277	1
689	842	1
689	1581	1
690	1469	1
690	1033	1
690	684	1
690	1204	1
690	1088	1
690	842	1
690	741	1
691	1875	1
691	333	1
691	967	1
691	1686	1
691	1253	1
691	567	1
691	2092	1
691	1540	1
691	842	1
691	741	1
691	792	1
691	373	1
691	62	1
691	693	1
692	1729	1
692	1384	1
692	975	1
692	1230	1
692	653	1
692	954	1
693	2366	1
693	1686	1
693	1380	1
693	867	1
693	307	1
693	860	1
693	1557	1
693	62	1
693	1746	1
694	729	1
694	1230	1
694	145	1
694	1514	1
694	842	1
694	404	1
695	989	1
695	1633	1
695	875	1
695	2347	1
695	684	1
695	2321	1
695	1256	1
695	1253	1
695	806	1
695	1215	1
695	954	1
695	2157	1
695	1052	1
695	842	1
695	741	1
695	1915	1
695	62	1
695	2375	1
695	1426	1
696	296	1
696	1319	1
696	568	1
696	333	1
696	1422	1
696	1469	1
696	824	1
696	234	1
696	684	1
696	2231	1
696	1548	1
696	1053	1
696	1418	1
696	2101	1
696	653	1
696	667	1
696	1213	1
696	1131	1
696	600	1
696	356	1
696	1951	1
696	1742	1
696	383	1
696	2076	1
696	944	1
696	2057	1
696	506	1
696	1883	1
696	1387	1
696	2077	1
696	1582	1
697	1797	1
697	2409	1
697	967	1
697	537	1
697	1253	1
697	746	1
697	1789	1
697	1160	1
697	2157	1
697	784	1
697	2237	1
697	379	1
697	1488	1
697	2350	1
697	247	1
697	17	1
697	373	1
697	62	1
697	2216	1
698	1729	1
698	1999	1
698	1667	1
698	801	1
699	1875	1
699	2169	1
699	922	1
699	1236	1
699	2347	1
699	1686	1
699	1253	1
699	749	1
699	1357	1
699	379	1
699	842	1
699	132	1
699	1744	1
699	17	1
699	373	1
699	1581	1
699	253	1
699	347	1
700	2409	1
700	620	1
700	675	1
700	1469	1
700	824	1
700	1686	1
700	1739	1
700	1253	1
700	2101	1
700	653	1
700	1213	1
700	757	1
700	1260	1
700	80	1
700	2304	1
700	1581	1
700	944	1
701	1797	1
701	989	1
701	1875	1
701	875	1
701	1232	1
701	2121	1
701	675	1
701	2347	1
701	1033	1
701	467	1
701	2163	1
701	1228	1
701	1374	1
701	1098	1
701	1050	1
701	653	1
701	794	1
701	1941	1
701	286	1
701	842	1
701	334	1
701	1776	1
702	1295	1
702	250	1
702	455	1
702	560	1
702	177	1
702	910	1
702	861	1
702	1253	1
702	2383	1
702	2097	1
702	1244	1
702	569	1
702	364	1
702	677	1
702	1673	1
702	741	1
702	1001	1
702	2330	1
702	1368	1
702	1677	1
702	53	1
702	363	1
703	1891	1
703	1827	1
703	884	1
703	1965	1
703	2347	1
703	1660	1
703	1124	1
703	1051	1
703	914	1
703	1059	1
703	1374	1
703	293	1
703	1715	1
703	787	1
703	1955	1
703	193	1
703	1000	1
703	221	1
703	184	1
703	1728	1
703	2146	1
703	1094	1
703	499	1
703	1580	1
703	1136	1
703	1585	1
703	965	1
703	1420	1
703	2064	1
703	161	1
703	2270	1
703	2145	1
703	1138	1
703	2330	1
703	1537	1
703	2125	1
703	632	1
703	2350	1
703	347	1
703	2309	1
703	1071	1
703	972	1
703	1856	1
704	2347	1
704	1204	1
704	653	1
704	1941	1
704	842	1
704	1581	1
705	675	1
705	910	1
705	741	1
705	1581	1
706	1050	1
706	1830	1
706	741	1
707	675	1
707	1050	1
707	241	1
707	1541	1
707	1386	1
708	1797	1
708	989	1
708	2186	1
708	2169	1
708	455	1
708	1204	1
708	1050	1
708	910	1
708	667	1
708	1841	1
708	1936	1
708	2207	1
708	602	1
708	576	1
708	213	1
708	721	1
708	378	1
708	784	1
708	1109	1
708	1254	1
708	208	1
708	60	1
708	741	1
708	1744	1
708	383	1
708	2107	1
708	2016	1
708	2057	1
708	1677	1
708	2077	1
708	2202	1
708	1280	1
708	439	1
708	1582	1
709	672	1
709	1124	1
709	257	1
709	749	1
709	2421	1
709	667	1
709	364	1
709	438	1
709	439	1
709	363	1
710	875	1
710	2347	1
710	1296	1
710	1204	1
710	749	1
710	417	1
710	1581	1
711	989	1
711	1910	1
711	1633	1
711	1875	1
711	875	1
711	887	1
711	1232	1
711	455	1
711	1469	1
711	967	1
711	1694	1
711	2347	1
711	415	1
711	1051	1
711	684	1
711	1228	1
711	1103	1
711	1256	1
711	919	1
711	1425	1
711	831	1
711	1253	1
711	1339	1
711	395	1
711	749	1
711	653	1
711	1769	1
711	1079	1
711	794	1
711	236	1
711	1941	1
711	2157	1
711	1088	1
711	1254	1
711	842	1
711	334	1
711	1736	1
711	181	1
711	17	1
711	1581	1
711	62	1
711	1049	1
711	2216	1
711	2057	1
711	1426	1
712	1875	1
712	333	1
712	1469	1
712	2347	1
712	1686	1
712	1204	1
712	1830	1
712	653	1
712	1357	1
712	784	1
712	1237	1
712	2051	1
712	379	1
712	842	1
712	741	1
712	1744	1
712	17	1
712	62	1
712	740	1
713	1797	1
713	1470	1
713	1119	1
713	1101	1
713	1875	1
713	1854	1
713	1641	1
713	1162	1
713	1729	1
713	250	1
713	1711	1
713	167	1
713	455	1
713	2259	1
713	2009	1
713	1291	1
713	1713	1
713	251	1
713	537	1
713	1686	1
713	1045	1
713	1609	1
713	1925	1
713	983	1
713	1374	1
713	773	1
713	293	1
713	2240	1
713	119	1
713	1830	1
713	1253	1
713	867	1
713	2383	1
713	653	1
713	2317	1
713	819	1
713	343	1
713	80	1
713	2157	1
713	697	1
713	307	1
713	1094	1
713	499	1
713	356	1
713	2302	1
713	712	1
713	1237	1
713	969	1
713	731	1
713	1420	1
713	1248	1
713	206	1
713	1824	1
713	237	1
713	17	1
713	373	1
713	1581	1
713	693	1
713	253	1
713	1458	1
713	2017	1
713	2170	1
713	1766	1
713	1767	1
713	126	1
713	1127	1
713	1177	1
713	2216	1
713	1922	1
713	2334	1
713	173	1
713	1677	1
713	1071	1
713	1719	1
713	2050	1
713	1856	1
713	461	1
713	363	1
713	1426	1
714	675	1
714	2027	1
714	1686	1
714	1362	1
714	1204	1
714	1050	1
714	653	1
714	371	1
714	1988	1
714	1244	1
714	784	1
714	1978	1
714	842	1
714	334	1
714	741	1
714	2330	1
714	1981	1
714	2057	1
714	604	1
714	1677	1
714	1874	1
714	439	1
714	38	1
715	2347	1
715	1686	1
715	80	1
715	356	1
715	784	1
715	1744	1
715	2304	1
715	373	1
715	1677	1
716	1101	1
716	250	1
716	1739	1
716	1204	1
716	1050	1
716	299	1
716	1253	1
716	749	1
716	653	1
716	591	1
716	371	1
716	190	1
716	1941	1
716	1988	1
716	1866	1
716	842	1
716	1783	1
716	1581	1
716	62	1
716	998	1
716	2057	1
716	1677	1
716	633	1
716	2013	1
716	2230	1
716	165	1
717	1797	1
717	1891	1
717	785	1
717	255	1
717	887	1
717	250	1
717	1232	1
717	726	1
717	455	1
717	1726	1
717	1469	1
717	1236	1
717	537	1
717	1033	1
717	2239	1
717	1362	1
717	1739	1
717	1059	1
717	1228	1
717	1374	1
717	1098	1
717	2253	1
717	1533	1
717	2321	1
717	2174	1
717	1204	1
717	1050	1
717	910	1
717	1253	1
717	867	1
717	1277	1
717	303	1
717	1955	1
717	2189	1
717	749	1
717	653	1
717	371	1
717	1213	1
717	1873	1
717	78	1
717	567	1
717	2207	1
717	1820	1
717	954	1
717	1941	1
717	2157	1
717	1988	1
717	1671	1
717	1244	1
717	2037	1
717	1870	1
717	942	1
717	499	1
717	1866	1
717	356	1
717	784	1
717	1386	1
717	1109	1
717	1835	1
717	1842	1
717	1488	1
717	334	1
717	741	1
717	1744	1
717	2304	1
717	308	1
717	1783	1
717	733	1
717	373	1
717	1581	1
717	1242	1
717	347	1
717	1049	1
717	917	1
717	2216	1
717	808	1
717	1776	1
717	604	1
717	1387	1
717	1677	1
717	2013	1
717	2077	1
717	2251	1
717	1076	1
717	38	1
718	875	1
718	1686	1
718	2383	1
718	1215	1
718	936	1
718	1676	1
718	80	1
718	2157	1
718	307	1
718	842	1
718	62	1
718	1551	1
719	568	1
719	1201	1
719	1548	1
719	1808	1
719	88	1
719	1182	1
719	1141	1
719	1420	1
719	1883	1
720	2169	1
720	922	1
720	1469	1
720	2347	1
720	1204	1
720	1050	1
720	2097	1
720	80	1
720	2157	1
720	1063	1
720	442	1
720	2051	1
720	741	1
720	2413	1
720	713	1
720	373	1
720	62	1
720	2443	1
720	1677	1
721	989	1
721	875	1
721	568	1
721	2367	1
721	1422	1
721	675	1
721	1469	1
721	1474	1
721	1309	1
721	1686	1
721	84	1
721	1739	1
721	698	1
721	983	1
721	1181	1
721	1533	1
721	2231	1
721	1256	1
721	661	1
721	188	1
721	2240	1
721	592	1
721	2101	1
721	1149	1
721	80	1
721	784	1
721	2051	1
721	842	1
721	741	1
721	1744	1
721	383	1
721	1581	1
721	62	1
721	2216	1
721	1387	1
721	1274	1
721	2013	1
722	1470	1
722	372	1
722	675	1
722	455	1
722	1050	1
722	2383	1
722	1215	1
722	346	1
722	741	1
722	1287	1
723	1891	1
723	1633	1
723	1165	1
723	2409	1
723	922	1
723	875	1
723	2347	1
723	807	1
723	1686	1
723	1204	1
723	1256	1
723	1830	1
723	1253	1
723	1955	1
723	749	1
723	1215	1
723	80	1
723	954	1
723	784	1
723	1386	1
723	1237	1
723	225	1
723	2051	1
723	379	1
723	842	1
723	334	1
723	741	1
723	1744	1
723	2304	1
723	482	1
723	373	1
723	1581	1
723	62	1
723	253	1
723	438	1
723	2375	1
724	989	1
724	2169	1
724	1174	1
724	2079	1
724	707	1
724	1050	1
724	1830	1
724	674	1
724	364	1
724	307	1
724	49	1
724	17	1
724	1661	1
724	53	1
725	1003	1
725	1059	1
725	1228	1
725	1098	1
725	0	1
725	1050	1
725	1830	1
725	749	1
725	557	1
725	819	1
725	2022	1
725	307	1
725	1348	1
725	1723	1
725	1614	1
725	247	1
726	1797	1
726	2169	1
726	922	1
726	1232	1
726	1562	1
726	560	1
726	1469	1
726	2347	1
726	537	1
726	1033	1
726	525	1
726	1686	1
726	467	1
726	1374	1
726	1204	1
726	874	1
726	707	1
726	1253	1
726	303	1
726	749	1
726	653	1
726	1789	1
726	2207	1
726	1941	1
726	2157	1
726	1323	1
726	1540	1
726	569	1
726	499	1
726	1723	1
726	356	1
726	350	1
726	1109	1
726	1254	1
726	1237	1
726	969	1
726	1420	1
726	2051	1
726	379	1
726	1019	1
726	1488	1
726	334	1
726	889	1
726	2038	1
726	1736	1
726	2304	1
726	181	1
726	1783	1
726	17	1
726	373	1
726	2371	1
726	438	1
726	2194	1
726	535	1
726	1677	1
726	740	1
726	2091	1
726	363	1
727	989	1
727	390	1
727	684	1
727	963	1
727	954	1
727	1094	1
727	108	1
727	741	1
727	1736	1
727	587	1
728	1633	1
728	1702	1
728	875	1
728	455	1
728	1686	1
728	2383	1
728	1676	1
728	334	1
728	62	1
729	568	1
729	1422	1
729	1469	1
729	2347	1
729	1686	1
729	2273	1
729	1204	1
729	1548	1
729	661	1
729	188	1
729	2101	1
729	653	1
729	1588	1
729	2057	1
729	1883	1
729	1387	1
729	1677	1
730	296	1
730	596	1
730	824	1
730	1739	1
730	1296	1
730	1548	1
730	661	1
730	188	1
730	1213	1
730	1723	1
730	633	1
730	165	1
731	2132	1
731	1319	1
731	1633	1
731	568	1
731	333	1
731	884	1
731	1032	1
731	1422	1
731	1469	1
731	824	1
731	1033	1
731	2239	1
731	1686	1
731	1739	1
731	983	1
731	2273	1
731	1204	1
731	1548	1
731	303	1
731	653	1
731	1213	1
731	78	1
731	191	1
731	842	1
731	741	1
731	1546	1
731	383	1
731	1883	1
731	1677	1
731	761	1
731	363	1
732	1032	1
732	1422	1
732	2347	1
732	1739	1
732	2231	1
732	1173	1
732	1213	1
732	17	1
732	1387	1
733	2415	1
733	816	1
733	446	1
733	203	1
733	1347	1
733	117	1
733	2419	1
733	80	1
733	1524	1
733	2434	1
733	784	1
733	1581	1
733	1324	1
733	722	1
733	1542	1
734	1686	1
734	1250	1
734	1380	1
734	1021	1
734	1204	1
734	1253	1
734	1172	1
734	168	1
734	129	1
734	954	1
734	307	1
734	1557	1
734	334	1
734	741	1
734	2375	1
735	875	1
735	1686	1
735	1769	1
735	80	1
735	307	1
735	1557	1
735	334	1
735	741	1
735	1581	1
736	1380	1
736	653	1
736	205	1
736	1728	1
736	741	1
737	1469	1
737	1694	1
737	2347	1
737	1686	1
737	1181	1
737	1584	1
737	371	1
737	929	1
737	539	1
737	741	1
737	1849	1
737	1446	1
737	1652	1
737	2149	1
738	2347	1
738	1713	1
738	1686	1
738	1204	1
738	1941	1
738	842	1
739	2347	1
739	1713	1
739	1686	1
739	1941	1
739	741	1
740	333	1
740	2347	1
740	1033	1
740	1204	1
740	1941	1
740	784	1
740	741	1
740	17	1
740	1652	1
741	1891	1
741	2206	1
741	2347	1
741	1713	1
741	729	1
741	1033	1
741	657	1
741	467	1
741	653	1
741	1941	1
741	741	1
742	467	1
742	1056	1
742	303	1
742	1584	1
742	1941	1
742	1109	1
742	741	1
743	1713	1
743	1286	1
743	2047	1
743	539	1
744	1204	1
744	1487	1
745	865	1
745	1729	1
745	333	1
745	726	1
745	1469	1
745	1694	1
745	760	1
745	1033	1
745	1686	1
745	467	1
745	1739	1
745	1228	1
745	2431	1
745	1374	1
745	1181	1
745	829	1
745	294	1
745	1075	1
745	0	1
745	1533	1
745	2231	1
745	2417	1
745	1013	1
745	2267	1
745	299	1
745	1253	1
745	1705	1
745	303	1
745	2383	1
745	943	1
745	653	1
745	371	1
745	419	1
745	1513	1
745	2207	1
745	2092	1
745	129	1
745	357	1
745	1601	1
745	402	1
745	1376	1
745	1244	1
745	405	1
745	307	1
745	1210	1
745	2369	1
745	1088	1
745	1231	1
745	712	1
745	1214	1
745	2277	1
745	1456	1
745	403	1
745	1951	1
745	1321	1
745	1956	1
745	254	1
745	741	1
745	2420	1
745	1496	1
745	298	1
745	482	1
745	2275	1
745	500	1
745	935	1
745	256	1
745	1981	1
745	1446	1
745	8	1
745	1397	1
745	998	1
745	506	1
745	1387	1
745	1677	1
745	1274	1
745	633	1
745	2149	1
745	686	1
745	801	1
745	273	1
745	165	1
745	1755	1
746	596	1
746	303	1
746	749	1
746	653	1
746	1584	1
746	371	1
746	1941	1
746	256	1
746	1981	1
746	998	1
746	2057	1
746	1677	1
746	633	1
746	2149	1
747	1232	1
747	1469	1
747	1713	1
747	1686	1
747	467	1
747	1098	1
747	1204	1
747	395	1
747	653	1
747	1088	1
747	539	1
747	741	1
748	626	1
748	1101	1
748	865	1
748	255	1
748	875	1
748	2377	1
748	1003	1
748	1232	1
748	675	1
748	455	1
748	458	1
748	1694	1
748	2347	1
748	1713	1
748	729	1
748	1033	1
748	467	1
748	1644	1
748	1374	1
748	651	1
748	2174	1
748	1256	1
748	2267	1
748	1253	1
748	1958	1
748	284	1
748	395	1
748	749	1
748	399	1
748	591	1
748	1769	1
748	794	1
748	932	1
748	1941	1
748	307	1
748	1088	1
748	2343	1
748	539	1
748	842	1
748	1488	1
748	871	1
748	214	1
748	49	1
748	1242	1
748	62	1
748	2017	1
748	438	1
748	2375	1
748	57	1
748	2230	1
748	1574	1
748	1952	1
748	1606	1
749	1584	1
749	1941	1
750	467	1
750	1714	1
750	653	1
750	1584	1
750	1286	1
750	1652	1
750	572	1
751	596	1
751	371	1
751	1286	1
751	129	1
751	1941	1
751	741	1
751	256	1
751	1981	1
751	1446	1
751	917	1
751	2149	1
751	273	1
752	1713	1
752	1941	1
752	1088	1
752	1652	1
753	1469	1
753	2347	1
753	1033	1
753	1228	1
753	1374	1
753	2231	1
753	2080	1
753	1769	1
753	240	1
753	842	1
753	741	1
753	1677	1
754	1729	1
754	1019	1
754	396	1
755	1694	1
755	1050	1
755	1584	1
755	1941	1
755	539	1
756	1232	1
756	333	1
756	1694	1
756	2347	1
756	1098	1
756	2174	1
756	1204	1
756	1941	1
757	1694	1
757	1713	1
757	1033	1
757	1686	1
757	467	1
757	1584	1
757	1652	1
758	1686	1
758	1181	1
758	294	1
758	2092	1
758	1981	1
758	1677	1
758	633	1
758	2149	1
758	686	1
759	1754	1
759	1098	1
759	294	1
759	1913	1
759	780	1
759	1941	1
759	357	1
759	929	1
759	482	1
759	1268	1
759	1126	1
759	1981	1
759	1677	1
759	633	1
760	596	1
760	1469	1
760	1713	1
760	1033	1
760	1098	1
760	1584	1
760	1941	1
760	1446	1
760	1652	1
760	1677	1
760	2149	1
761	726	1
761	596	1
761	1694	1
761	2347	1
761	1713	1
761	1584	1
761	371	1
761	1941	1
761	481	1
761	633	1
761	38	1
762	1232	1
762	1469	1
762	1033	1
762	1686	1
762	2222	1
762	303	1
762	794	1
762	1941	1
762	1088	1
762	842	1
762	741	1
762	1652	1
762	917	1
763	2347	1
763	467	1
763	1228	1
763	1098	1
763	294	1
763	1652	1
763	572	1
763	2057	1
763	633	1
764	1729	1
764	726	1
764	596	1
764	1694	1
764	2347	1
764	1713	1
764	2239	1
764	424	1
764	467	1
764	1374	1
764	1181	1
764	294	1
764	765	1
764	2417	1
764	185	1
764	2383	1
764	1220	1
764	749	1
764	653	1
764	1468	1
764	371	1
764	780	1
764	1286	1
764	129	1
764	1941	1
764	361	1
764	357	1
764	364	1
764	1047	1
764	1214	1
764	2277	1
764	280	1
764	292	1
764	539	1
764	842	1
764	741	1
764	481	1
764	1455	1
764	482	1
764	17	1
764	1652	1
764	2112	1
764	572	1
764	506	1
764	1883	1
764	633	1
764	2149	1
764	1288	1
764	603	1
764	1794	1
765	333	1
765	1694	1
765	2027	1
765	467	1
765	1059	1
765	2174	1
765	1005	1
765	780	1
765	1941	1
765	2037	1
765	1866	1
765	741	1
765	1652	1
765	604	1
765	2232	1
766	2347	1
766	1228	1
766	1098	1
766	1204	1
766	1652	1
767	479	1
767	1232	1
767	1469	1
767	1694	1
767	1033	1
767	1686	1
767	1059	1
767	1098	1
767	651	1
767	2174	1
767	653	1
767	1286	1
767	1941	1
767	2037	1
767	1510	1
767	539	1
767	1736	1
767	1857	1
767	1884	1
768	2322	1
769	1469	1
769	1713	1
769	1686	1
770	1469	1
770	2347	1
770	1686	1
770	467	1
770	1204	1
770	1941	1
770	741	1
770	1652	1
771	1469	1
771	2347	1
771	1033	1
771	1686	1
771	467	1
771	1204	1
771	303	1
771	1652	1
772	1469	1
772	1909	1
772	1713	1
772	1374	1
772	1098	1
772	1680	1
772	9	1
772	1078	1
772	572	1
773	2267	1
773	1286	1
773	741	1
774	1797	1
774	937	1
774	1686	1
774	1256	1
774	1830	1
774	1425	1
774	2383	1
774	749	1
774	653	1
774	1149	1
774	954	1
774	307	1
774	1851	1
774	741	1
774	2304	1
774	438	1
774	1551	1
774	2216	1
775	1403	1
775	1686	1
775	684	1
775	1256	1
775	867	1
775	1149	1
775	837	1
775	307	1
775	334	1
775	741	1
775	1736	1
775	62	1
775	1360	1
775	1009	1
775	1746	1
776	675	1
776	1253	1
776	2383	1
776	842	1
776	373	1
777	303	1
777	2383	1
777	653	1
777	954	1
777	1941	1
777	842	1
777	917	1
778	989	1
778	1875	1
778	875	1
778	2347	1
778	1686	1
778	684	1
778	2231	1
778	2267	1
778	1253	1
778	303	1
778	2383	1
778	395	1
778	653	1
778	1769	1
778	794	1
778	954	1
778	1736	1
779	807	1
779	1380	1
779	2085	1
779	86	1
779	2383	1
779	1409	1
779	1941	1
779	741	1
779	8	1
779	1972	1
780	1469	1
780	1686	1
780	1955	1
780	1149	1
780	1052	1
780	30	1
781	1469	1
781	684	1
781	1955	1
781	1215	1
781	1052	1
781	30	1
782	2169	1
782	560	1
782	1998	1
782	807	1
782	1686	1
782	684	1
782	2221	1
782	530	1
782	1769	1
782	660	1
782	2195	1
782	1873	1
782	339	1
782	319	1
782	1540	1
782	510	1
782	532	1
782	1956	1
782	641	1
782	1736	1
782	95	1
782	151	1
782	62	1
782	396	1
782	2187	1
782	2119	1
782	1426	1
783	1797	1
783	875	1
783	333	1
783	1469	1
783	807	1
783	684	1
783	1374	1
783	1253	1
783	2419	1
783	1086	1
783	653	1
783	1149	1
783	1769	1
783	954	1
783	2157	1
783	576	1
783	379	1
783	842	1
783	1736	1
783	1783	1
783	62	1
783	253	1
783	1677	1
784	1686	1
784	1256	1
784	1100	1
784	653	1
784	1769	1
784	842	1
784	334	1
784	425	1
785	1403	1
785	1686	1
785	1380	1
785	684	1
785	1103	1
785	867	1
785	682	1
785	954	1
785	1557	1
785	842	1
785	334	1
785	62	1
786	1403	1
786	875	1
786	2347	1
786	1686	1
786	684	1
786	2383	1
786	80	1
786	1851	1
786	334	1
786	49	1
786	1743	1
786	1294	1
786	1009	1
786	1599	1
787	989	1
787	875	1
787	675	1
787	1787	1
787	1686	1
787	1256	1
787	249	1
787	2383	1
787	1149	1
787	80	1
787	1851	1
787	741	1
787	1736	1
787	62	1
787	272	1
787	1426	1
788	875	1
788	333	1
788	675	1
788	1686	1
788	1374	1
788	1253	1
788	303	1
788	1149	1
788	307	1
788	62	1
788	272	1
788	1426	1
789	1891	1
789	2079	1
789	758	1
789	1568	1
789	1100	1
789	2383	1
789	1955	1
789	653	1
789	1769	1
789	980	1
789	954	1
789	616	1
789	741	1
789	151	1
789	2141	1
790	989	1
790	875	1
790	1686	1
790	867	1
790	1277	1
790	395	1
790	1557	1
790	741	1
790	62	1
791	2347	1
791	1686	1
791	684	1
791	867	1
791	2383	1
791	395	1
791	682	1
791	954	1
791	784	1
791	1557	1
791	334	1
791	741	1
791	62	1
791	1677	1
792	937	1
792	989	1
792	455	1
792	2347	1
792	1686	1
792	1204	1
792	2383	1
792	395	1
792	1088	1
792	1557	1
792	842	1
792	334	1
792	1736	1
792	1677	1
793	937	1
793	989	1
793	2109	1
793	875	1
793	1686	1
793	684	1
793	1204	1
793	1256	1
793	867	1
793	1769	1
793	682	1
793	129	1
793	842	1
793	741	1
793	1736	1
793	1287	1
793	2119	1
794	1469	1
794	1380	1
794	684	1
794	85	1
794	2383	1
794	1149	1
794	1769	1
794	682	1
794	2157	1
794	1601	1
794	1131	1
794	837	1
794	151	1
794	917	1
794	2119	1
795	2109	1
795	1686	1
795	1384	1
795	1253	1
795	867	1
795	2383	1
795	128	1
795	1131	1
795	842	1
795	334	1
795	62	1
795	1884	1
796	1253	1
796	2383	1
796	1046	1
796	1149	1
796	1540	1
796	356	1
796	1557	1
796	334	1
796	62	1
797	1402	1
797	842	1
797	741	1
797	2375	1
798	989	1
798	1633	1
798	887	1
798	1283	1
798	1469	1
798	1747	1
798	684	1
798	653	1
798	2080	1
798	1769	1
798	954	1
798	3	1
798	1524	1
798	719	1
798	1324	1
798	1980	1
798	1199	1
798	1880	1
799	1633	1
799	887	1
799	333	1
799	1713	1
799	1686	1
799	1013	1
799	2267	1
799	1769	1
799	954	1
799	307	1
799	62	1
800	937	1
800	989	1
800	675	1
800	2347	1
800	1402	1
800	1256	1
800	334	1
800	741	1
800	1736	1
800	272	1
801	684	1
801	2321	1
801	653	1
801	1769	1
801	307	1
801	842	1
801	334	1
801	741	1
801	49	1
801	1551	1
801	1287	1
801	1426	1
802	937	1
802	875	1
802	2347	1
802	1033	1
802	1686	1
802	684	1
802	2321	1
802	1204	1
802	1253	1
802	2383	1
802	395	1
802	358	1
802	365	1
802	784	1
802	334	1
802	741	1
802	62	1
802	1287	1
802	1677	1
803	653	1
803	741	1
803	1677	1
803	1426	1
804	1421	1
804	2347	1
804	1686	1
804	684	1
804	1402	1
804	2383	1
804	395	1
804	1769	1
804	1557	1
804	334	1
804	741	1
804	256	1
804	373	1
804	1287	1
805	882	1
805	1380	1
805	2298	1
805	684	1
805	1103	1
805	2321	1
805	1384	1
805	450	1
805	205	1
805	682	1
805	1557	1
805	842	1
805	334	1
805	741	1
805	62	1
805	917	1
805	1677	1
805	2119	1
806	1686	1
806	1131	1
806	842	1
806	334	1
806	151	1
807	2109	1
807	675	1
807	807	1
807	1686	1
807	1380	1
807	698	1
807	2321	1
807	1253	1
807	867	1
807	395	1
807	653	1
807	954	1
807	2157	1
807	307	1
807	1557	1
807	741	1
807	1218	1
807	693	1
807	2375	1
807	2187	1
808	875	1
808	1469	1
808	1033	1
808	684	1
808	1103	1
808	2231	1
808	1277	1
808	334	1
808	62	1
808	438	1
809	1875	1
809	875	1
809	1686	1
809	1402	1
809	1204	1
809	1769	1
809	1557	1
809	334	1
809	1736	1
809	62	1
810	937	1
810	989	1
810	1403	1
810	1787	1
810	1051	1
810	684	1
810	1402	1
810	249	1
810	653	1
810	1601	1
810	842	1
810	1736	1
810	49	1
810	736	1
810	917	1
810	1360	1
810	1677	1
811	989	1
811	443	1
811	1686	1
811	1402	1
811	2383	1
811	334	1
811	1022	1
812	1403	1
812	1787	1
812	1739	1
812	249	1
812	2383	1
812	1769	1
812	2248	1
812	2092	1
812	954	1
812	1601	1
812	307	1
812	1088	1
812	741	1
812	1825	1
812	1736	1
812	49	1
812	1677	1
813	684	1
813	2383	1
813	1088	1
813	842	1
813	334	1
814	989	1
814	1119	1
814	2347	1
814	760	1
814	1739	1
814	1374	1
814	188	1
814	653	1
814	371	1
814	2209	1
814	621	1
814	2092	1
814	150	1
814	2157	1
814	1601	1
814	2026	1
814	403	1
814	842	1
814	1736	1
814	2246	1
814	256	1
814	1071	1
814	1984	1
815	1403	1
815	1787	1
815	1686	1
815	1051	1
815	1402	1
815	1253	1
815	2383	1
815	653	1
815	954	1
815	307	1
815	1088	1
815	732	1
815	334	1
815	49	1
815	917	1
815	1677	1
816	1891	1
816	675	1
816	2347	1
816	1686	1
816	684	1
816	1402	1
816	1204	1
816	2383	1
816	1769	1
816	1505	1
816	1873	1
816	365	1
816	240	1
816	842	1
816	741	1
816	1736	1
816	396	1
816	1287	1
816	1426	1
817	1891	1
817	1469	1
817	684	1
817	1402	1
817	1374	1
817	1256	1
817	2383	1
817	1769	1
817	980	1
817	307	1
817	1088	1
817	1557	1
817	1736	1
817	396	1
817	917	1
817	2375	1
817	1677	1
818	989	1
818	1686	1
818	1402	1
818	1204	1
818	2383	1
818	954	1
818	741	1
818	917	1
819	989	1
819	1875	1
819	1469	1
819	1787	1
819	1686	1
819	1051	1
819	1739	1
819	1402	1
819	1256	1
819	1253	1
819	1769	1
819	2157	1
819	307	1
819	1088	1
819	842	1
819	334	1
819	1736	1
819	272	1
820	2347	1
820	1686	1
820	1380	1
820	1739	1
820	1103	1
820	85	1
820	2383	1
820	1149	1
820	868	1
820	1769	1
820	660	1
820	2042	1
820	682	1
820	954	1
820	837	1
820	784	1
820	1136	1
820	2343	1
820	2404	1
820	917	1
820	1947	1
820	272	1
820	1687	1
821	1403	1
821	1469	1
821	2347	1
821	1380	1
821	684	1
821	1374	1
821	1256	1
821	2267	1
821	1253	1
821	1149	1
821	1015	1
821	954	1
821	2146	1
821	1601	1
821	842	1
821	334	1
821	1736	1
821	62	1
821	272	1
821	1465	1
822	1380	1
822	684	1
822	1103	1
822	1769	1
822	954	1
822	1557	1
822	842	1
822	62	1
822	272	1
822	2119	1
823	1403	1
823	2109	1
823	1686	1
823	684	1
823	1103	1
823	2383	1
823	682	1
823	784	1
823	2404	1
823	334	1
823	151	1
823	62	1
823	1458	1
823	1290	1
823	535	1
824	684	1
824	1256	1
824	1253	1
824	867	1
824	1277	1
824	1149	1
824	1769	1
824	307	1
824	842	1
824	334	1
824	49	1
824	62	1
824	272	1
824	1287	1
824	1746	1
825	2186	1
825	2109	1
825	875	1
825	807	1
825	1253	1
825	1333	1
825	741	1
825	102	1
825	373	1
825	62	1
825	1987	1
826	1403	1
826	1827	1
826	2321	1
826	2383	1
826	2393	1
826	80	1
826	954	1
826	365	1
826	2404	1
826	334	1
826	741	1
826	1825	1
826	49	1
826	62	1
826	1551	1
826	1009	1
827	455	1
827	1686	1
827	1253	1
827	2383	1
827	80	1
827	842	1
827	373	1
827	62	1
827	2171	1
828	1633	1
828	1686	1
828	1103	1
828	2321	1
828	867	1
828	1769	1
828	913	1
828	954	1
828	307	1
828	334	1
828	741	1
828	62	1
829	875	1
829	2347	1
829	1686	1
829	2321	1
829	2383	1
829	2092	1
829	80	1
829	334	1
829	62	1
829	917	1
830	50	1
830	875	1
830	1827	1
830	675	1
830	446	1
830	1253	1
830	1769	1
830	1979	1
830	1676	1
830	954	1
830	842	1
830	2304	1
830	535	1
831	875	1
831	2347	1
831	684	1
831	1215	1
831	62	1
832	1875	1
832	1711	1
832	455	1
832	2347	1
832	537	1
832	1686	1
832	1046	1
832	530	1
832	1769	1
832	794	1
832	1094	1
832	1254	1
832	1168	1
832	1557	1
832	842	1
832	334	1
832	741	1
832	62	1
832	736	1
832	1677	1
832	633	1
833	1050	1
834	333	1
834	1174	1
834	455	1
834	807	1
834	684	1
834	1374	1
834	2231	1
834	2152	1
834	707	1
834	831	1
834	1253	1
834	749	1
834	1941	1
834	569	1
834	307	1
834	2145	1
834	62	1
834	1677	1
834	1856	1
834	603	1
835	1686	1
835	2092	1
835	1941	1
835	741	1
836	675	1
836	1380	1
836	1384	1
836	975	1
836	867	1
836	784	1
836	1557	1
836	334	1
836	2375	1
837	1380	1
837	1204	1
837	867	1
837	653	1
837	2092	1
837	129	1
837	954	1
837	1540	1
837	712	1
837	842	1
837	917	1
838	1119	1
838	1875	1
838	875	1
838	243	1
838	675	1
838	1236	1
838	2347	1
838	1686	1
838	867	1
838	303	1
838	749	1
838	1769	1
838	794	1
838	954	1
838	1088	1
838	181	1
838	17	1
838	62	1
838	1458	1
838	2216	1
838	535	1
838	1426	1
839	1797	1
839	875	1
839	333	1
839	1562	1
839	675	1
839	537	1
839	729	1
839	1686	1
839	1374	1
839	1425	1
839	1253	1
839	867	1
839	2383	1
839	794	1
839	1941	1
839	576	1
839	996	1
839	741	1
839	1736	1
839	17	1
839	62	1
840	1553	1
840	1101	1
840	333	1
840	2360	1
840	455	1
840	967	1
840	2347	1
840	729	1
840	684	1
840	1374	1
840	456	1
840	1830	1
840	1425	1
840	395	1
840	2157	1
840	2402	1
840	842	1
840	741	1
840	1251	1
840	1824	1
840	1722	1
840	1736	1
840	2198	1
840	62	1
840	29	1
840	1458	1
840	1766	1
840	2216	1
840	1300	1
841	937	1
841	508	1
841	1421	1
841	2298	1
841	2321	1
841	1384	1
841	867	1
841	2317	1
841	1865	1
841	682	1
841	954	1
841	842	1
841	741	1
841	2375	1
841	635	1
841	1426	1
842	1797	1
842	1101	1
842	1875	1
842	2169	1
842	513	1
842	2409	1
842	922	1
842	875	1
842	1729	1
842	333	1
842	2206	1
842	2347	1
842	1686	1
842	1312	1
842	1925	1
842	1256	1
842	1050	1
842	1156	1
842	80	1
842	784	1
842	2051	1
842	379	1
842	741	1
842	1619	1
842	1581	1
842	347	1
842	1458	1
842	736	1
842	917	1
842	535	1
842	603	1
843	1797	1
843	989	1
843	1119	1
843	1232	1
843	1469	1
843	1474	1
843	1694	1
843	2347	1
843	1092	1
843	1686	1
843	467	1
843	684	1
843	1098	1
843	1181	1
843	1253	1
843	2383	1
843	557	1
843	190	1
843	307	1
843	842	1
843	741	1
843	2304	1
843	2017	1
843	1342	1
844	2165	1
844	1910	1
844	2347	1
844	537	1
844	1686	1
844	1925	1
844	1050	1
844	1253	1
844	2196	1
844	1941	1
844	1488	1
844	741	1
844	1919	1
845	1686	1
845	1050	1
845	1253	1
845	842	1
845	62	1
846	675	1
846	1469	1
846	967	1
846	1686	1
846	2231	1
846	2383	1
846	2080	1
846	842	1
846	741	1
846	17	1
846	62	1
847	875	1
847	1253	1
847	867	1
847	303	1
847	653	1
847	682	1
847	2157	1
847	1353	1
847	842	1
847	741	1
847	62	1
848	684	1
848	2157	1
848	842	1
849	1101	1
849	1777	1
849	1232	1
849	1469	1
849	1236	1
849	2009	1
849	1675	1
849	807	1
849	1686	1
849	1312	1
849	1490	1
849	293	1
849	314	1
849	341	1
849	1637	1
849	78	1
849	2157	1
849	2402	1
849	1420	1
849	225	1
849	379	1
849	842	1
849	1488	1
849	741	1
849	2198	1
849	1581	1
849	535	1
850	537	1
850	1686	1
850	1253	1
850	2092	1
850	2157	1
850	842	1
850	741	1
850	62	1
850	2216	1
850	535	1
851	1374	1
851	2321	1
851	2157	1
851	307	1
851	1557	1
851	334	1
851	1287	1
851	30	1
852	2377	1
852	333	1
852	622	1
852	2206	1
852	1469	1
852	1694	1
852	1713	1
852	1033	1
852	1686	1
852	467	1
852	2163	1
852	1253	1
852	1046	1
852	567	1
852	1160	1
852	1941	1
852	225	1
853	2247	1
853	1003	1
853	1232	1
853	333	1
853	2347	1
853	525	1
853	1686	1
853	467	1
853	337	1
853	1098	1
853	1204	1
853	1050	1
853	749	1
853	1941	1
853	1541	1
853	2175	1
853	1019	1
853	741	1
853	159	1
853	1783	1
853	17	1
853	373	1
853	29	1
853	2016	1
853	808	1
853	38	1
854	1101	1
854	1875	1
854	255	1
854	1232	1
854	333	1
854	2360	1
854	2347	1
854	537	1
854	1686	1
854	1204	1
854	1830	1
854	1253	1
854	395	1
854	1941	1
854	818	1
854	1540	1
854	379	1
854	842	1
854	1488	1
854	741	1
854	62	1
854	1458	1
854	572	1
854	2216	1
855	1101	1
855	865	1
855	455	1
855	1033	1
855	1686	1
855	1374	1
855	2231	1
855	1830	1
855	1253	1
855	842	1
855	741	1
855	62	1
856	875	1
856	1295	1
856	1232	1
856	333	1
856	675	1
856	1686	1
856	467	1
856	1056	1
856	684	1
856	958	1
856	1374	1
856	1098	1
856	910	1
856	1941	1
856	741	1
856	1076	1
857	2169	1
857	2409	1
857	875	1
857	2347	1
857	684	1
857	1277	1
857	2097	1
857	80	1
857	442	1
857	741	1
857	2413	1
857	2304	1
857	1303	1
857	1581	1
858	1797	1
858	2409	1
858	875	1
858	2347	1
858	1550	1
858	684	1
858	1050	1
858	80	1
858	1386	1
858	442	1
858	208	1
858	1303	1
858	1783	1
858	373	1
859	1581	1
860	2409	1
860	1320	1
860	1386	1
860	741	1
860	1581	1
861	2205	1
861	1875	1
861	798	1
861	922	1
861	875	1
861	1655	1
861	1320	1
861	675	1
861	1236	1
861	2347	1
861	1686	1
861	1103	1
861	1889	1
861	1204	1
861	374	1
861	1253	1
861	228	1
861	2189	1
861	749	1
861	2137	1
861	653	1
861	2097	1
861	794	1
861	1415	1
861	80	1
861	876	1
861	1357	1
861	2327	1
861	146	1
861	1063	1
861	1585	1
861	442	1
861	2051	1
861	842	1
861	1488	1
861	741	1
861	1744	1
861	206	1
861	2304	1
861	1303	1
861	373	1
861	1581	1
861	62	1
861	438	1
861	2216	1
861	740	1
862	1875	1
862	2409	1
862	922	1
862	2347	1
862	1686	1
862	1170	1
862	1103	1
862	1204	1
862	374	1
862	301	1
862	2137	1
862	1585	1
862	2051	1
862	741	1
862	206	1
862	1303	1
862	1783	1
862	373	1
862	1581	1
862	2216	1
862	2269	1
862	1325	1
863	255	1
863	2409	1
863	337	1
863	2299	1
863	1744	1
863	2413	1
864	2247	1
864	809	1
864	333	1
864	2347	1
864	1686	1
864	1056	1
864	958	1
864	1098	1
864	1075	1
864	0	1
864	1204	1
864	1050	1
864	749	1
864	1941	1
864	98	1
864	741	1
864	2016	1
865	1875	1
865	1232	1
865	455	1
865	525	1
865	1686	1
865	1056	1
865	958	1
865	1644	1
865	1098	1
865	2021	1
865	707	1
865	303	1
865	749	1
865	190	1
865	98	1
865	741	1
865	1776	1
866	1875	1
866	1050	1
866	98	1
866	1063	1
866	442	1
866	741	1
866	2304	1
866	438	1
867	1380	1
867	1103	1
867	80	1
867	1557	1
867	842	1
867	334	1
868	2169	1
868	922	1
868	875	1
868	455	1
868	2347	1
868	1686	1
868	1204	1
868	1830	1
868	1543	1
868	1253	1
868	2189	1
868	749	1
868	653	1
868	2097	1
868	164	1
868	557	1
868	80	1
868	1540	1
868	98	1
868	1063	1
868	842	1
868	1783	1
868	17	1
868	1581	1
868	438	1
868	2216	1
869	333	1
869	596	1
869	983	1
869	1830	1
869	2333	1
869	1213	1
869	80	1
869	1088	1
869	383	1
869	1581	1
869	438	1
869	2057	1
869	1677	1
869	165	1
869	38	1
870	1729	1
870	741	1
871	875	1
871	1686	1
871	653	1
871	842	1
871	741	1
872	937	1
872	1875	1
872	333	1
872	675	1
872	1469	1
872	2347	1
872	1228	1
872	1830	1
872	1253	1
872	1046	1
872	1955	1
872	653	1
872	954	1
872	719	1
872	842	1
872	741	1
872	1736	1
872	49	1
872	62	1
872	2375	1
872	1342	1
872	2119	1
873	333	1
873	622	1
873	675	1
873	1694	1
873	1686	1
873	851	1
873	1374	1
873	2231	1
873	707	1
873	1830	1
873	1253	1
873	1277	1
873	567	1
873	1941	1
873	364	1
873	842	1
873	2304	1
873	438	1
874	1999	1
874	1384	1
874	975	1
874	303	1
874	954	1
874	1231	1
874	712	1
874	22	1
874	17	1
874	917	1
874	2293	1
875	1729	1
875	1380	1
875	303	1
875	653	1
876	1729	1
876	2298	1
876	975	1
876	973	1
876	303	1
876	653	1
876	205	1
876	1728	1
876	954	1
876	1231	1
876	712	1
876	2361	1
876	17	1
876	2375	1
876	2293	1
877	1797	1
877	875	1
877	458	1
877	1800	1
877	807	1
877	1686	1
877	684	1
877	867	1
877	1557	1
877	842	1
877	62	1
877	2216	1
878	626	1
878	255	1
878	875	1
878	1358	1
878	1232	1
878	333	1
878	622	1
878	1236	1
878	2347	1
878	487	1
878	537	1
878	1033	1
878	1925	1
878	1056	1
878	1059	1
878	1374	1
878	1075	1
878	1653	1
878	0	1
878	2231	1
878	1204	1
878	874	1
878	840	1
878	303	1
878	591	1
878	1929	1
878	557	1
878	794	1
878	1903	1
878	1160	1
878	115	1
878	569	1
878	986	1
878	364	1
878	1109	1
878	683	1
878	379	1
878	842	1
878	1019	1
878	741	1
878	1783	1
878	1242	1
878	2016	1
878	2017	1
878	821	1
878	1776	1
878	603	1
878	507	1
879	1101	1
879	2169	1
879	1033	1
879	1686	1
879	684	1
879	1374	1
879	1098	1
879	707	1
879	1253	1
879	867	1
879	303	1
879	749	1
879	567	1
879	842	1
879	741	1
879	2216	1
880	1101	1
880	2169	1
880	1003	1
880	1562	1
880	2360	1
880	1236	1
880	2347	1
880	1033	1
880	1686	1
880	684	1
880	1228	1
880	2152	1
880	149	1
880	1253	1
880	867	1
880	749	1
880	653	1
880	125	1
880	190	1
880	1160	1
880	1941	1
880	1433	1
880	784	1
880	2299	1
880	1237	1
880	842	1
880	1488	1
880	2125	1
880	247	1
880	1581	1
880	62	1
880	603	1
881	1797	1
881	333	1
881	1236	1
881	2347	1
881	1686	1
881	1160	1
881	1433	1
881	2237	1
881	878	1
881	842	1
881	741	1
881	1614	1
881	17	1
881	603	1
882	1567	1
882	1101	1
882	1875	1
882	2247	1
882	1003	1
882	333	1
882	622	1
882	2360	1
882	2052	1
882	487	1
882	729	1
882	1686	1
882	1228	1
882	1374	1
882	1098	1
882	1075	1
882	874	1
882	832	1
882	1830	1
882	749	1
882	653	1
882	557	1
882	190	1
882	2157	1
882	569	1
882	208	1
882	611	1
882	842	1
882	1488	1
882	741	1
882	17	1
882	62	1
882	736	1
882	603	1
883	684	1
883	293	1
883	1253	1
883	1046	1
883	285	1
883	334	1
884	2206	1
884	1694	1
884	2347	1
884	1686	1
884	749	1
884	1584	1
884	190	1
884	1941	1
884	842	1
884	247	1
885	989	1
885	1792	1
885	2132	1
885	1469	1
885	390	1
885	2168	1
885	96	1
885	684	1
885	1999	1
885	1050	1
885	2436	1
885	1253	1
885	994	1
885	2031	1
885	468	1
885	1828	1
885	1540	1
885	1406	1
885	2361	1
885	805	1
885	1365	1
885	533	1
885	62	1
885	1008	1
885	1670	1
885	1287	1
885	178	1
885	1342	1
885	1037	1
885	302	1
886	684	1
886	1050	1
886	395	1
886	1386	1
886	1052	1
887	1581	1
888	1875	1
888	455	1
888	1236	1
888	1686	1
888	983	1
888	1204	1
888	784	1
888	1386	1
888	842	1
888	334	1
888	1744	1
888	373	1
888	62	1
888	1677	1
889	255	1
889	250	1
889	726	1
889	596	1
889	2347	1
889	1033	1
889	1056	1
889	1059	1
889	1228	1
889	958	1
889	1374	1
889	1098	1
889	1181	1
889	422	1
889	2174	1
889	1669	1
889	1253	1
889	303	1
889	395	1
889	749	1
889	2333	1
889	2080	1
889	1592	1
889	757	1
889	1260	1
889	80	1
889	1941	1
889	1988	1
889	844	1
889	491	1
889	1870	1
889	307	1
889	1210	1
889	1004	1
889	1109	1
889	348	1
889	842	1
889	1019	1
889	1455	1
889	49	1
889	482	1
889	1398	1
889	1981	1
889	62	1
889	2017	1
889	998	1
889	2334	1
889	1226	1
889	711	1
889	633	1
889	2013	1
889	2077	1
889	1529	1
889	686	1
889	38	1
889	363	1
890	333	1
890	2347	1
890	537	1
890	1686	1
890	303	1
890	395	1
890	1581	1
891	1101	1
891	1232	1
891	333	1
891	537	1
891	1033	1
891	1686	1
891	1059	1
891	1374	1
891	1098	1
891	1653	1
891	2231	1
891	1253	1
891	867	1
891	125	1
891	1769	1
891	557	1
891	1160	1
891	2157	1
891	842	1
891	2418	1
891	1736	1
891	256	1
891	62	1
891	535	1
892	1910	1
892	875	1
892	1686	1
892	712	1
892	842	1
893	937	1
893	991	1
893	1421	1
893	455	1
893	560	1
893	1211	1
893	1033	1
893	1772	1
893	2298	1
893	2391	1
893	144	1
893	1204	1
893	1256	1
893	1830	1
893	2436	1
893	1253	1
893	881	1
893	2135	1
893	303	1
893	2383	1
893	395	1
893	1955	1
893	749	1
893	2031	1
893	591	1
893	1584	1
893	1933	1
893	125	1
893	1769	1
893	122	1
893	1437	1
893	913	1
893	77	1
893	364	1
893	307	1
893	1210	1
893	1254	1
893	1014	1
893	859	1
893	1052	1
893	842	1
893	1269	1
893	334	1
893	181	1
893	1648	1
893	17	1
893	1242	1
893	533	1
893	62	1
893	1049	1
893	1122	1
893	1	1
893	917	1
893	1287	1
893	2375	1
893	1342	1
893	30	1
893	1426	1
893	1525	1
894	1232	1
894	455	1
894	467	1
894	1584	1
894	1941	1
894	364	1
895	937	1
895	875	1
895	2347	1
895	2034	1
895	867	1
895	303	1
895	1991	1
895	1557	1
895	2343	1
895	741	1
895	1736	1
895	2375	1
896	433	1
896	1232	1
896	1694	1
896	1686	1
896	1253	1
896	2080	1
896	1941	1
896	2157	1
896	741	1
897	537	1
897	684	1
897	1253	1
897	395	1
897	2092	1
897	1540	1
897	1557	1
897	842	1
897	334	1
897	1242	1
897	1287	1
898	1232	1
898	1686	1
898	684	1
898	1374	1
898	1253	1
898	62	1
899	1686	1
899	684	1
899	1374	1
899	395	1
899	1557	1
899	842	1
899	334	1
899	1736	1
899	1242	1
899	1287	1
900	2169	1
900	2360	1
900	1236	1
900	2347	1
900	251	1
900	1204	1
900	1253	1
900	1242	1
900	62	1
901	1101	1
901	433	1
901	875	1
901	1232	1
901	1236	1
901	1686	1
901	2231	1
901	1830	1
901	1253	1
901	1941	1
901	1237	1
901	2051	1
901	2198	1
901	62	1
901	2216	1
902	2186	1
903	2205	1
903	1232	1
903	1469	1
903	1033	1
903	684	1
903	1374	1
903	1098	1
903	1845	1
903	1277	1
903	2080	1
903	567	1
903	682	1
903	954	1
903	1130	1
903	1601	1
903	334	1
903	2145	1
903	438	1
903	1856	1
904	1232	1
904	622	1
904	1686	1
904	2163	1
904	1374	1
904	1098	1
904	1253	1
904	569	1
904	1109	1
904	348	1
904	736	1
904	438	1
905	684	1
905	1253	1
905	842	1
906	1686	1
906	684	1
906	842	1
906	741	1
907	2169	1
907	333	1
907	560	1
907	1686	1
907	1228	1
907	1374	1
907	1098	1
907	1050	1
907	653	1
907	1941	1
907	2051	1
908	2169	1
908	333	1
908	560	1
908	1050	1
908	1830	1
908	573	1
908	373	1
909	1050	1
909	1830	1
909	653	1
909	1941	1
909	438	1
910	333	1
910	2347	1
910	1941	1
910	2051	1
910	206	1
910	373	1
910	438	1
911	373	1
911	1581	1
912	922	1
912	675	1
912	1204	1
912	707	1
912	1050	1
912	1941	1
912	364	1
912	2324	1
912	741	1
912	17	1
913	333	1
913	560	1
913	1686	1
913	1228	1
913	707	1
913	1941	1
913	1063	1
913	208	1
913	373	1
913	1581	1
914	809	1
914	275	1
914	2191	1
914	1320	1
914	675	1
914	1203	1
914	1694	1
914	1686	1
914	1059	1
914	1228	1
914	1941	1
914	1931	1
914	364	1
914	539	1
914	741	1
914	438	1
914	2216	1
915	1891	1
915	1119	1
915	1633	1
915	2169	1
915	255	1
915	1232	1
915	1469	1
915	1694	1
915	2347	1
915	1033	1
915	1256	1
915	1050	1
915	910	1
915	2267	1
915	1277	1
915	162	1
915	1584	1
915	1415	1
915	364	1
915	1088	1
915	378	1
915	842	1
915	334	1
915	741	1
915	181	1
915	373	1
915	1776	1
916	1101	1
916	2360	1
916	537	1
916	2152	1
916	1160	1
916	741	1
916	1581	1
916	62	1
916	1520	1
917	479	1
917	1101	1
917	875	1
917	333	1
917	622	1
917	455	1
917	1694	1
917	537	1
917	467	1
917	1374	1
917	1098	1
917	2231	1
917	874	1
917	1830	1
917	1253	1
917	1941	1
917	569	1
917	208	1
917	842	1
917	1614	1
917	373	1
917	1242	1
917	62	1
917	736	1
917	2166	1
918	386	1
918	429	1
918	1232	1
918	333	1
918	2079	1
918	1694	1
918	729	1
918	1033	1
918	1686	1
918	467	1
918	1374	1
918	1098	1
918	1204	1
918	1050	1
918	1830	1
918	303	1
918	190	1
918	1941	1
918	364	1
918	1109	1
918	611	1
918	2361	1
918	17	1
918	373	1
918	62	1
918	438	1
918	2216	1
919	2169	1
919	1729	1
919	1320	1
919	2121	1
919	1830	1
919	1253	1
919	867	1
919	395	1
919	576	1
919	1088	1
919	842	1
919	741	1
920	1797	1
920	1694	1
920	2052	1
920	467	1
920	1714	1
920	651	1
920	1253	1
920	753	1
920	1941	1
920	373	1
921	1253	1
921	2092	1
921	3	1
921	62	1
922	333	1
922	2347	1
922	537	1
922	1204	1
922	1253	1
922	591	1
922	2157	1
922	3	1
922	2051	1
922	741	1
922	1242	1
922	309	1
923	922	1
923	333	1
923	1050	1
923	505	1
923	2331	1
923	1541	1
923	364	1
923	2060	1
923	1585	1
923	1978	1
923	1303	1
923	1581	1
924	2169	1
924	922	1
924	333	1
924	455	1
924	1469	1
924	2347	1
924	1033	1
924	1686	1
924	177	1
924	1374	1
924	2231	1
924	707	1
924	1830	1
924	1253	1
924	749	1
924	653	1
924	784	1
924	842	1
924	17	1
924	1581	1
924	62	1
924	2112	1
924	438	1
924	2216	1
924	1856	1
924	1794	1
925	2169	1
925	1729	1
925	1830	1
925	784	1
925	1386	1
925	1063	1
925	2051	1
925	1744	1
925	17	1
925	373	1
925	438	1
926	1797	1
926	2169	1
926	255	1
926	2409	1
926	2247	1
926	922	1
926	755	1
926	333	1
926	596	1
926	2079	1
926	455	1
926	1469	1
926	2347	1
926	735	1
926	1686	1
926	467	1
926	698	1
926	177	1
926	1374	1
926	1098	1
926	1204	1
926	707	1
926	1050	1
926	1830	1
926	303	1
926	653	1
926	678	1
926	190	1
926	1415	1
926	899	1
926	505	1
926	364	1
926	784	1
926	1386	1
926	98	1
926	1237	1
926	208	1
926	2051	1
926	842	1
926	741	1
926	1744	1
926	206	1
926	1455	1
926	2304	1
926	1303	1
926	1398	1
926	17	1
926	373	1
926	2443	1
926	438	1
926	1325	1
926	1987	1
926	38	1
926	363	1
927	1797	1
927	626	1
927	386	1
927	429	1
927	2205	1
927	638	1
927	1910	1
927	1101	1
927	2169	1
927	255	1
927	922	1
927	755	1
927	1729	1
927	1232	1
927	333	1
927	1562	1
927	596	1
927	2058	1
927	455	1
927	1469	1
927	1694	1
927	2347	1
927	825	1
927	1686	1
927	1312	1
927	467	1
927	1925	1
927	177	1
927	1228	1
927	1374	1
927	1653	1
927	0	1
927	2231	1
927	1204	1
927	840	1
927	707	1
927	1050	1
927	910	1
927	1715	1
927	1830	1
927	749	1
927	653	1
927	1584	1
927	371	1
927	1415	1
927	1936	1
927	1160	1
927	80	1
927	1501	1
927	1941	1
927	2157	1
927	899	1
927	505	1
927	1541	1
927	364	1
927	2324	1
927	1004	1
927	1109	1
927	208	1
927	611	1
927	1978	1
927	2051	1
927	842	1
927	1019	1
927	741	1
927	1744	1
927	2432	1
927	159	1
927	889	1
927	1736	1
927	2304	1
927	1303	1
927	383	1
927	1783	1
927	17	1
927	62	1
927	2112	1
927	438	1
927	2216	1
927	1776	1
927	633	1
927	1529	1
927	1856	1
927	1794	1
927	38	1
928	373	1
928	1581	1
929	1797	1
929	626	1
929	1119	1
929	1101	1
929	2169	1
929	255	1
929	2409	1
929	755	1
929	1232	1
929	333	1
929	2079	1
929	455	1
929	1469	1
929	2347	1
929	537	1
929	1033	1
929	1686	1
929	1312	1
929	467	1
929	1925	1
929	1228	1
929	337	1
929	958	1
929	2231	1
929	1204	1
929	840	1
929	707	1
929	314	1
929	910	1
929	1830	1
929	1253	1
929	867	1
929	2189	1
929	2333	1
929	2097	1
929	1273	1
929	371	1
929	190	1
929	1936	1
929	1160	1
929	80	1
929	1501	1
929	546	1
929	899	1
929	2331	1
929	1671	1
929	1541	1
929	569	1
929	2324	1
929	784	1
929	1004	1
929	1109	1
929	573	1
929	98	1
929	1237	1
929	1063	1
929	2064	1
929	1978	1
929	2051	1
929	842	1
929	1019	1
929	1744	1
929	2413	1
929	2065	1
929	1736	1
929	2304	1
929	1303	1
929	1783	1
929	17	1
929	373	1
929	2016	1
929	2443	1
929	438	1
929	1776	1
929	1677	1
929	633	1
929	1529	1
929	686	1
929	439	1
929	1794	1
930	1797	1
930	429	1
930	1101	1
930	2169	1
930	255	1
930	2247	1
930	1295	1
930	809	1
930	675	1
930	455	1
930	560	1
930	487	1
930	729	1
930	1925	1
930	177	1
930	1059	1
930	2163	1
930	1228	1
930	337	1
930	1098	1
930	0	1
930	2231	1
930	840	1
930	314	1
930	1050	1
930	11	1
930	749	1
930	2333	1
930	1584	1
930	1415	1
930	1160	1
930	1501	1
930	899	1
930	1541	1
930	364	1
930	2324	1
930	2060	1
930	98	1
930	611	1
930	1978	1
930	741	1
930	206	1
930	2304	1
930	393	1
930	2016	1
930	998	1
930	1677	1
930	633	1
930	1529	1
930	1104	1
930	1856	1
930	165	1
930	363	1
931	505	1
931	364	1
931	373	1
931	1581	1
931	736	1
931	1529	1
932	1797	1
932	333	1
932	1686	1
932	1584	1
932	1063	1
932	741	1
932	373	1
932	1581	1
932	1677	1
933	255	1
933	922	1
933	1729	1
933	809	1
933	333	1
933	675	1
933	1694	1
933	1686	1
933	467	1
933	983	1
933	1228	1
933	1374	1
933	1050	1
933	653	1
933	190	1
933	1936	1
933	899	1
933	364	1
933	1109	1
933	1254	1
933	2051	1
933	379	1
933	842	1
933	206	1
933	2304	1
933	17	1
933	1581	1
933	438	1
933	439	1
933	1856	1
933	38	1
934	2169	1
934	1050	1
934	1581	1
935	2079	1
935	675	1
935	455	1
935	487	1
935	1686	1
935	1374	1
935	2231	1
935	653	1
935	1941	1
935	899	1
935	1541	1
935	1783	1
935	62	1
935	438	1
935	1677	1
936	1797	1
936	875	1
936	306	1
936	809	1
936	2367	1
936	451	1
936	675	1
936	1469	1
936	655	1
936	2347	1
936	1686	1
936	467	1
936	1739	1
936	983	1
936	1296	1
936	1181	1
936	294	1
936	2231	1
936	1204	1
936	303	1
936	2383	1
936	749	1
936	541	1
936	2333	1
936	1770	1
936	2080	1
936	40	1
936	730	1
936	371	1
936	190	1
936	567	1
936	80	1
936	1501	1
936	1988	1
936	899	1
936	505	1
936	1244	1
936	2284	1
936	784	1
936	1659	1
936	488	1
936	842	1
936	1019	1
936	334	1
936	741	1
936	1744	1
936	2304	1
936	2330	1
936	2350	1
936	1446	1
936	62	1
936	998	1
936	1677	1
936	633	1
936	2013	1
936	2077	1
936	265	1
936	2202	1
936	843	1
936	2438	1
936	1608	1
936	165	1
936	1794	1
936	363	1
937	1797	1
937	429	1
937	1101	1
937	1875	1
937	255	1
937	2409	1
937	1232	1
937	244	1
937	2360	1
937	1469	1
937	1694	1
937	2347	1
937	1686	1
937	467	1
937	1228	1
937	1374	1
937	1999	1
937	1204	1
937	874	1
937	1830	1
937	2074	1
937	1253	1
937	867	1
937	303	1
937	395	1
937	591	1
937	1929	1
937	125	1
937	794	1
937	1160	1
937	2157	1
937	1540	1
937	569	1
937	784	1
937	842	1
937	1019	1
937	1488	1
937	334	1
937	741	1
937	1744	1
937	2304	1
937	939	1
937	102	1
937	17	1
937	938	1
937	62	1
937	309	1
937	736	1
937	2216	1
937	808	1
937	1826	1
937	603	1
937	740	1
938	1600	1
938	333	1
938	1253	1
938	395	1
938	80	1
938	569	1
938	98	1
938	1744	1
938	1783	1
938	438	1
938	38	1
939	1469	1
939	1415	1
939	505	1
939	2304	1
939	1783	1
939	1581	1
939	1677	1
939	38	1
940	1875	1
940	2409	1
940	333	1
940	2347	1
940	1686	1
940	467	1
940	1204	1
940	1253	1
940	2304	1
940	62	1
940	438	1
941	2247	1
941	809	1
941	333	1
941	622	1
941	1694	1
941	2347	1
941	525	1
941	467	1
941	1374	1
941	1204	1
941	1253	1
941	1143	1
941	303	1
941	395	1
941	653	1
941	1929	1
941	794	1
941	1160	1
941	569	1
941	712	1
941	842	1
941	1488	1
941	549	1
941	2350	1
941	1242	1
941	1520	1
941	603	1
941	1076	1
941	1624	1
942	1101	1
942	1875	1
942	2409	1
942	1232	1
942	2347	1
942	1686	1
942	1204	1
942	1830	1
942	1253	1
942	1941	1
942	842	1
942	1488	1
942	741	1
942	2304	1
943	1875	1
943	1232	1
943	333	1
943	2347	1
943	1204	1
943	1050	1
943	1830	1
943	1253	1
943	591	1
943	2051	1
943	842	1
943	1488	1
943	741	1
943	62	1
944	333	1
944	622	1
944	1562	1
944	2052	1
944	537	1
944	1686	1
944	467	1
944	651	1
944	2231	1
944	1830	1
944	303	1
944	1941	1
944	569	1
944	741	1
944	2350	1
945	675	1
945	1686	1
945	185	1
945	899	1
945	2037	1
945	1541	1
945	1581	1
945	38	1
946	1797	1
946	626	1
946	1904	1
946	989	1
946	1891	1
946	1119	1
946	255	1
946	1232	1
946	333	1
946	2215	1
946	1174	1
946	455	1
946	560	1
946	537	1
946	467	1
946	698	1
946	1261	1
946	1374	1
946	1098	1
946	0	1
946	2321	1
946	1204	1
946	788	1
946	707	1
946	1050	1
946	2267	1
946	1830	1
946	1253	1
946	1046	1
946	749	1
946	653	1
946	1769	1
946	794	1
946	567	1
946	1941	1
946	569	1
946	1088	1
946	712	1
946	2250	1
946	208	1
946	1488	1
946	334	1
946	654	1
946	1736	1
946	95	1
946	373	1
946	62	1
946	426	1
946	572	1
946	808	1
946	1677	1
946	2396	1
946	1342	1
946	1695	1
947	1875	1
947	50	1
947	1165	1
947	2409	1
947	2347	1
947	293	1
947	1050	1
947	1830	1
947	1425	1
947	1253	1
947	125	1
947	794	1
947	1088	1
947	784	1
947	488	1
947	98	1
947	225	1
947	2051	1
947	379	1
947	1488	1
947	2304	1
947	549	1
947	373	1
947	62	1
947	253	1
947	2371	1
947	603	1
947	740	1
948	626	1
948	255	1
948	1232	1
948	809	1
948	1562	1
948	1686	1
948	1374	1
948	1098	1
948	0	1
948	314	1
948	1253	1
948	1046	1
948	794	1
948	1160	1
948	1941	1
948	364	1
948	741	1
948	2350	1
948	62	1
948	2016	1
949	1797	1
949	1119	1
949	1101	1
949	50	1
949	255	1
949	2360	1
949	455	1
949	1694	1
949	2347	1
949	537	1
949	1686	1
949	415	1
949	1312	1
949	2163	1
949	0	1
949	1830	1
949	1253	1
949	303	1
949	80	1
949	1941	1
949	1540	1
949	784	1
949	1386	1
949	208	1
949	1860	1
949	225	1
949	379	1
949	842	1
949	1744	1
949	2304	1
949	373	1
949	1581	1
949	253	1
949	736	1
949	1695	1
949	680	1
950	1797	1
950	937	1
950	386	1
950	1241	1
950	1891	1
950	1158	1
950	1119	1
950	1101	1
950	865	1
950	2169	1
950	255	1
950	2254	1
950	473	1
950	110	1
950	1162	1
950	922	1
950	875	1
950	1358	1
950	1763	1
950	2377	1
950	2306	1
950	1003	1
950	170	1
950	333	1
950	2367	1
950	275	1
950	671	1
950	281	1
950	2028	1
950	1774	1
950	244	1
950	1562	1
950	2121	1
950	1905	1
950	614	1
950	857	1
950	1694	1
950	1191	1
950	487	1
950	807	1
950	537	1
950	2104	1
950	1750	1
950	729	1
950	1033	1
950	525	1
950	1686	1
950	415	1
950	424	1
950	1312	1
950	2297	1
950	1925	1
950	1555	1
950	2018	1
950	1739	1
950	613	1
950	684	1
950	983	1
950	2163	1
950	1228	1
950	337	1
950	958	1
950	2044	1
950	1663	1
950	1589	1
950	982	1
950	2021	1
950	99	1
950	1075	1
950	1838	1
950	1653	1
950	0	1
950	926	1
950	1173	1
950	1204	1
950	1118	1
950	952	1
950	2291	1
950	874	1
950	840	1
950	575	1
950	2152	1
950	707	1
950	314	1
950	1050	1
950	1200	1
950	910	1
950	2184	1
950	1568	1
950	1447	1
950	11	1
950	2240	1
950	398	1
950	1830	1
950	831	1
950	1253	1
950	1761	1
950	1638	1
950	2130	1
950	1680	1
950	1089	1
950	303	1
950	199	1
950	483	1
950	395	1
950	701	1
950	1046	1
950	2189	1
950	1086	1
950	399	1
950	2054	1
950	162	1
950	653	1
950	495	1
950	472	1
950	2115	1
950	2317	1
950	2097	1
950	538	1
950	2351	1
950	856	1
950	331	1
950	794	1
950	371	1
950	674	1
950	2023	1
950	608	1
950	1645	1
950	561	1
950	78	1
950	1936	1
950	753	1
950	833	1
950	1286	1
950	1160	1
950	2092	1
950	127	1
950	2151	1
950	774	1
950	1501	1
950	319	1
950	129	1
950	954	1
950	1941	1
950	115	1
950	2157	1
950	709	1
950	576	1
950	996	1
950	1636	1
950	1795	1
950	1988	1
950	1244	1
950	1541	1
950	811	1
950	1773	1
950	569	1
950	364	1
950	697	1
950	307	1
950	1182	1
950	790	1
950	499	1
950	2019	1
950	1088	1
950	1386	1
950	1343	1
950	488	1
950	1752	1
950	717	1
950	69	1
950	812	1
950	471	1
950	712	1
950	1254	1
950	1586	1
950	1578	1
950	1585	1
950	1560	1
950	2224	1
950	445	1
950	646	1
950	208	1
950	225	1
950	611	1
950	1978	1
950	2051	1
950	539	1
950	379	1
950	842	1
950	1019	1
950	1488	1
950	1744	1
950	762	1
950	578	1
950	1233	1
950	2413	1
950	1824	1
950	237	1
950	2361	1
950	2381	1
950	159	1
950	654	1
950	20	1
950	889	1
950	2266	1
950	2038	1
950	1736	1
950	2304	1
950	482	1
950	181	1
950	549	1
950	1783	1
950	1146	1
950	1398	1
950	2350	1
950	733	1
950	1648	1
950	2198	1
950	2275	1
950	17	1
950	256	1
950	95	1
950	373	1
950	263	1
950	1981	1
950	1581	1
950	1242	1
950	938	1
950	593	1
950	2000	1
950	2112	1
950	1924	1
950	1458	1
950	494	1
950	309	1
950	736	1
950	1520	1
950	1405	1
950	2443	1
950	1766	1
950	1127	1
950	566	1
950	2216	1
950	2290	1
950	1287	1
950	808	1
950	2057	1
950	821	1
950	772	1
950	645	1
950	1776	1
950	604	1
950	1387	1
950	1677	1
950	633	1
950	1874	1
950	843	1
950	1407	1
950	211	1
950	1071	1
950	630	1
950	1574	1
950	2232	1
950	273	1
950	2014	1
950	1498	1
950	1856	1
950	1219	1
950	2307	1
950	603	1
950	680	1
950	1076	1
950	38	1
950	2003	1
951	1232	1
951	333	1
951	1562	1
951	1469	1
951	467	1
951	653	1
951	1941	1
952	760	1
953	875	1
953	333	1
953	1686	1
953	1253	1
953	749	1
953	2157	1
953	996	1
953	208	1
953	842	1
953	1019	1
953	373	1
953	62	1
954	537	1
954	1033	1
954	1228	1
954	1374	1
954	1098	1
954	1253	1
954	591	1
954	1941	1
954	842	1
954	1488	1
954	741	1
954	1783	1
954	373	1
954	1242	1
955	989	1
955	1891	1
955	2264	1
955	580	1
955	508	1
955	875	1
955	1232	1
955	333	1
955	675	1
955	1469	1
955	729	1
955	1033	1
955	1686	1
955	1228	1
955	1103	1
955	1204	1
955	2267	1
955	1830	1
955	831	1
955	1253	1
955	303	1
955	395	1
955	653	1
955	530	1
955	1769	1
955	2092	1
955	2157	1
955	576	1
955	996	1
955	307	1
955	208	1
955	842	1
955	741	1
955	1736	1
955	181	1
955	95	1
955	533	1
955	62	1
955	736	1
955	1746	1
955	1104	1
955	1987	1
955	1426	1
956	1232	1
956	1694	1
956	2347	1
956	537	1
956	1686	1
956	467	1
956	1228	1
956	1204	1
956	303	1
956	749	1
956	1941	1
956	2157	1
956	569	1
956	842	1
956	741	1
956	17	1
956	736	1
956	1794	1
957	255	1
957	333	1
957	2347	1
957	1050	1
957	303	1
957	17	1
958	875	1
958	1232	1
958	537	1
958	1686	1
958	467	1
958	1374	1
958	314	1
958	1050	1
958	303	1
958	749	1
958	80	1
958	1941	1
958	569	1
958	348	1
958	842	1
958	934	1
958	2361	1
958	159	1
958	1581	1
958	62	1
958	2112	1
958	438	1
958	1776	1
959	937	1
959	989	1
959	2415	1
959	1633	1
959	1875	1
959	255	1
959	875	1
959	1003	1
959	1232	1
959	675	1
959	455	1
959	560	1
959	1203	1
959	1694	1
959	2347	1
959	1686	1
959	467	1
959	1228	1
959	1098	1
959	1830	1
959	1253	1
959	867	1
959	303	1
959	190	1
959	1978	1
959	539	1
959	842	1
959	17	1
959	1049	1
960	675	1
960	1686	1
960	467	1
960	1159	1
960	1978	1
960	539	1
960	741	1
960	17	1
961	1203	1
961	2347	1
961	1686	1
961	1830	1
961	1941	1
961	2369	1
962	1875	1
962	333	1
962	807	1
962	537	1
962	1686	1
962	1374	1
962	1103	1
962	1204	1
962	1830	1
962	1253	1
962	395	1
962	749	1
962	591	1
962	1769	1
962	190	1
962	2092	1
962	842	1
962	1488	1
962	62	1
962	8	1
962	1746	1
962	603	1
963	333	1
963	1830	1
963	2092	1
963	842	1
963	741	1
964	333	1
964	1830	1
964	741	1
964	2057	1
964	1677	1
965	1033	1
965	1739	1
965	1374	1
965	2231	1
965	661	1
965	1253	1
965	2383	1
965	2080	1
965	1213	1
965	2157	1
965	1540	1
965	356	1
965	842	1
965	373	1
965	62	1
965	2017	1
965	438	1
966	255	1
966	333	1
966	2347	1
966	1204	1
966	1050	1
966	303	1
966	115	1
966	2361	1
967	333	1
967	2347	1
967	1204	1
967	303	1
967	1540	1
967	1019	1
967	741	1
967	2361	1
968	1540	1
968	784	1
968	1386	1
968	1071	1
969	626	1
969	1266	1
969	1101	1
969	865	1
969	2169	1
969	255	1
969	875	1
969	333	1
969	570	1
969	2347	1
969	760	1
969	537	1
969	1033	1
969	1124	1
969	525	1
969	1686	1
969	1550	1
969	684	1
969	177	1
969	1098	1
969	0	1
969	1173	1
969	1204	1
969	1050	1
969	1253	1
969	867	1
969	749	1
969	653	1
969	1584	1
969	125	1
969	794	1
969	1841	1
969	190	1
969	2157	1
969	1353	1
969	1540	1
969	790	1
969	1179	1
969	2299	1
969	98	1
969	1063	1
969	442	1
969	208	1
969	611	1
969	842	1
969	1744	1
969	2413	1
969	1001	1
969	2381	1
969	2065	1
969	28	1
969	2266	1
969	2304	1
969	247	1
969	1242	1
969	1127	1
969	438	1
969	2216	1
969	808	1
969	1776	1
969	1071	1
969	1325	1
969	507	1
970	1101	1
970	1616	1
970	255	1
970	2377	1
970	1232	1
970	1562	1
970	2219	1
970	344	1
970	1469	1
970	1272	1
970	537	1
970	729	1
970	1660	1
970	1686	1
970	2163	1
970	1098	1
970	1075	1
970	0	1
970	1527	1
970	749	1
970	1123	1
970	1929	1
970	125	1
970	567	1
970	221	1
970	1160	1
970	996	1
970	748	1
970	195	1
970	1258	1
970	2426	1
970	2355	1
970	2361	1
970	1614	1
970	1473	1
970	593	1
970	62	1
970	1104	1
970	1377	1
970	1498	1
970	2315	1
970	1373	1
970	2362	1
971	2169	1
971	1703	1
971	177	1
971	0	1
971	1050	1
971	2137	1
971	1941	1
971	98	1
971	1585	1
971	442	1
971	1303	1
971	2016	1
971	1771	1
971	2216	1
971	1690	1
971	1325	1
972	2169	1
972	455	1
972	2347	1
972	1686	1
972	1204	1
972	867	1
972	653	1
972	1221	1
972	1540	1
972	2369	1
972	1386	1
972	741	1
972	1581	1
972	62	1
973	1101	1
973	1875	1
973	1003	1
973	1232	1
973	2347	1
973	1686	1
973	867	1
973	653	1
973	1540	1
973	569	1
973	986	1
973	2369	1
973	2051	1
973	379	1
973	741	1
973	2216	1
973	603	1
974	1797	1
974	1101	1
974	1875	1
974	2347	1
974	1050	1
974	1253	1
974	986	1
974	225	1
974	2051	1
974	379	1
974	842	1
974	1488	1
974	62	1
974	438	1
974	1776	1
975	2186	1
975	922	1
975	875	1
975	1232	1
975	333	1
975	2206	1
975	455	1
975	537	1
975	684	1
975	1228	1
975	1253	1
975	749	1
975	567	1
975	80	1
975	1941	1
975	2157	1
975	3	1
975	1386	1
975	1063	1
975	442	1
975	842	1
975	1019	1
975	1744	1
975	28	1
975	2304	1
975	17	1
975	1458	1
975	1049	1
975	438	1
976	2347	1
976	1050	1
976	1253	1
976	2092	1
976	1941	1
976	1557	1
976	1744	1
977	2205	1
977	1119	1
977	1875	1
977	2247	1
977	1232	1
977	333	1
977	275	1
977	2079	1
977	675	1
977	455	1
977	1686	1
977	177	1
977	1204	1
977	707	1
977	1830	1
977	303	1
977	2383	1
977	749	1
977	653	1
977	307	1
977	1094	1
977	784	1
977	1019	1
977	741	1
977	2065	1
977	2304	1
977	17	1
977	1581	1
977	62	1
977	438	1
977	808	1
977	1776	1
977	363	1
978	1797	1
978	2169	1
978	50	1
978	455	1
978	2347	1
978	1686	1
978	2321	1
978	1277	1
978	395	1
978	1955	1
978	1941	1
978	225	1
978	859	1
978	842	1
978	741	1
978	2304	1
978	49	1
978	373	1
978	62	1
978	253	1
978	2216	1
978	1287	1
978	535	1
978	1342	1
979	1633	1
979	875	1
979	887	1
979	1232	1
979	2347	1
979	807	1
979	729	1
979	1033	1
979	1686	1
979	467	1
979	1228	1
979	1098	1
979	2321	1
979	1204	1
979	1256	1
979	1050	1
979	975	1
979	1253	1
979	303	1
979	2383	1
979	806	1
979	1215	1
979	1769	1
979	794	1
979	567	1
979	1941	1
979	307	1
979	1088	1
979	712	1
979	1991	1
979	1370	1
979	842	1
979	1019	1
979	334	1
979	741	1
979	206	1
979	805	1
979	49	1
979	8	1
979	736	1
979	917	1
979	252	1
979	2061	1
979	1342	1
979	1426	1
979	1525	1
980	1232	1
980	537	1
980	1033	1
980	1686	1
980	467	1
980	1098	1
980	0	1
980	1050	1
980	842	1
980	741	1
980	373	1
981	989	1
981	2169	1
981	255	1
981	2409	1
981	2247	1
981	620	1
981	922	1
981	333	1
981	1469	1
981	537	1
981	2298	1
981	1059	1
981	1228	1
981	1374	1
981	1098	1
981	1256	1
981	845	1
981	1253	1
981	749	1
981	653	1
981	1789	1
981	1273	1
981	1260	1
981	1415	1
981	80	1
981	954	1
981	1941	1
981	784	1
981	1386	1
981	1254	1
981	197	1
981	1237	1
981	1063	1
981	208	1
981	842	1
981	113	1
981	741	1
981	206	1
981	1581	1
981	2371	1
981	1287	1
981	947	1
981	1776	1
981	1166	1
982	1797	1
982	2169	1
982	1469	1
982	1033	1
982	1686	1
982	1739	1
982	2321	1
982	1173	1
982	1256	1
982	1050	1
982	1253	1
982	867	1
982	303	1
982	2429	1
982	954	1
982	1941	1
982	307	1
982	1254	1
982	225	1
982	379	1
982	842	1
982	132	1
982	334	1
982	741	1
982	2304	1
982	17	1
982	373	1
982	62	1
982	253	1
982	1677	1
982	38	1
983	1050	1
983	842	1
983	741	1
983	17	1
983	62	1
983	1776	1
984	2169	1
984	1050	1
984	1540	1
984	784	1
984	159	1
985	1910	1
985	1101	1
985	1875	1
985	255	1
985	1003	1
985	333	1
985	2347	1
985	467	1
985	1925	1
985	698	1
985	1204	1
985	1050	1
985	303	1
985	2383	1
985	653	1
985	591	1
985	1941	1
985	2157	1
985	986	1
985	1088	1
985	112	1
985	842	1
985	762	1
985	654	1
985	17	1
985	373	1
985	1242	1
985	62	1
985	309	1
985	808	1
986	937	1
986	2415	1
986	1119	1
986	1633	1
986	1875	1
986	2169	1
986	255	1
986	875	1
986	174	1
986	467	1
986	1390	1
986	1204	1
986	1256	1
986	1050	1
986	665	1
986	152	1
986	233	1
986	749	1
986	653	1
986	190	1
986	78	1
986	80	1
986	954	1
986	1941	1
986	1524	1
986	784	1
986	842	1
986	1019	1
986	1488	1
986	181	1
986	17	1
986	1581	1
986	62	1
986	48	1
986	526	1
986	1525	1
987	937	1
987	875	1
987	2298	1
987	684	1
987	1256	1
987	2267	1
987	954	1
987	2157	1
987	240	1
987	307	1
987	1052	1
987	842	1
987	334	1
987	741	1
987	1825	1
987	1736	1
987	1287	1
987	1426	1
988	937	1
988	989	1
988	1891	1
988	2415	1
988	1119	1
988	1633	1
988	642	1
988	1421	1
988	2247	1
988	922	1
988	875	1
988	887	1
988	2347	1
988	537	1
988	1686	1
988	1772	1
988	698	1
988	1479	1
988	297	1
988	952	1
988	1256	1
988	1050	1
988	1445	1
988	2267	1
988	2005	1
988	975	1
988	1454	1
988	1253	1
988	1549	1
988	395	1
988	1955	1
988	653	1
988	2097	1
988	1769	1
988	1964	1
988	1836	1
988	78	1
988	80	1
988	954	1
988	1941	1
988	2157	1
988	1462	1
988	240	1
988	569	1
988	307	1
988	499	1
988	1088	1
988	1524	1
988	98	1
988	1557	1
988	1014	1
988	348	1
988	260	1
988	208	1
988	1052	1
988	842	1
988	1019	1
988	741	1
988	2361	1
988	805	1
988	1736	1
988	2304	1
988	1892	1
988	8	1
988	347	1
988	917	1
988	808	1
988	1342	1
989	1910	1
989	1875	1
989	1469	1
989	1694	1
989	537	1
989	1033	1
989	2018	1
989	1098	1
989	0	1
989	1253	1
989	653	1
989	1160	1
989	1941	1
989	569	1
989	842	1
989	17	1
989	373	1
989	1458	1
989	1712	1
989	2216	1
989	2232	1
990	1875	1
990	1729	1
990	1232	1
990	809	1
990	333	1
990	560	1
990	1469	1
990	2052	1
990	537	1
990	729	1
990	1033	1
990	1686	1
990	1925	1
990	337	1
990	1374	1
990	1098	1
990	1253	1
990	303	1
990	557	1
990	190	1
990	1936	1
990	2157	1
990	1866	1
990	348	1
990	842	1
990	1783	1
990	1581	1
990	62	1
990	2016	1
990	438	1
990	273	1
990	38	1
991	1729	1
991	1003	1
991	333	1
991	537	1
991	1686	1
991	1374	1
991	1050	1
991	1830	1
991	591	1
991	125	1
991	741	1
991	713	1
991	62	1
992	255	1
992	1033	1
992	1686	1
992	1374	1
992	1830	1
992	2157	1
992	842	1
992	741	1
992	1581	1
992	62	1
992	2216	1
993	386	1
993	479	1
993	2205	1
993	1875	1
993	255	1
993	1232	1
993	809	1
993	333	1
993	455	1
993	1469	1
993	2347	1
993	1779	1
993	467	1
993	1059	1
993	958	1
993	0	1
993	1204	1
993	707	1
993	1253	1
993	303	1
993	653	1
993	567	1
993	2157	1
993	1019	1
993	741	1
993	1556	1
993	713	1
993	62	1
993	1458	1
993	438	1
993	273	1
994	626	1
994	1119	1
994	1875	1
994	2409	1
994	875	1
994	446	1
994	2347	1
994	537	1
994	1686	1
994	1739	1
994	698	1
994	684	1
994	1098	1
994	0	1
994	832	1
994	1841	1
994	190	1
994	753	1
994	1941	1
994	1541	1
994	1540	1
994	569	1
994	1348	1
994	784	1
994	1386	1
994	611	1
994	2051	1
994	334	1
994	741	1
994	2304	1
994	2125	1
994	17	1
994	373	1
994	62	1
994	1577	1
994	603	1
994	38	1
994	1624	1
994	507	1
995	1236	1
995	2347	1
995	1713	1
995	1925	1
995	1204	1
995	1548	1
995	1253	1
995	653	1
995	2090	1
995	1213	1
995	356	1
995	17	1
995	62	1
996	1241	1
996	1622	1
996	433	1
996	922	1
996	1707	1
996	333	1
996	872	1
996	1562	1
996	2024	1
996	264	1
996	2347	1
996	2052	1
996	1029	1
996	1686	1
996	1366	1
996	2222	1
996	767	1
996	2163	1
996	1374	1
996	41	1
996	1075	1
996	0	1
996	832	1
996	2152	1
996	1681	1
996	605	1
996	303	1
996	591	1
996	59	1
996	813	1
996	1903	1
996	190	1
996	1160	1
996	1887	1
996	818	1
996	569	1
996	790	1
996	2424	1
996	1109	1
996	476	1
996	1665	1
996	370	1
996	848	1
996	741	1
996	2418	1
996	2125	1
996	549	1
996	17	1
996	1242	1
996	62	1
996	1520	1
996	1073	1
996	2307	1
996	1144	1
996	2362	1
997	626	1
997	875	1
997	1694	1
997	2347	1
997	537	1
997	1686	1
997	1228	1
997	1374	1
997	0	1
997	1204	1
997	867	1
997	591	1
997	125	1
997	190	1
997	569	1
997	784	1
997	712	1
997	1063	1
997	842	1
997	17	1
997	373	1
997	1242	1
997	62	1
998	989	1
998	1910	1
998	1119	1
998	1101	1
998	255	1
998	875	1
998	1232	1
998	333	1
998	2219	1
998	1469	1
998	634	1
998	2032	1
998	1694	1
998	537	1
998	1033	1
998	1228	1
998	1374	1
998	1098	1
998	0	1
998	707	1
998	1568	1
998	1253	1
998	155	1
998	1893	1
998	395	1
998	2419	1
998	135	1
998	145	1
998	591	1
998	125	1
998	557	1
998	1481	1
998	190	1
998	2092	1
998	80	1
998	954	1
998	2157	1
998	996	1
998	307	1
998	1088	1
998	225	1
998	379	1
998	842	1
998	1488	1
998	334	1
998	1001	1
998	2266	1
998	1736	1
998	1554	1
998	247	1
998	373	1
998	309	1
998	736	1
998	1127	1
998	2216	1
998	1746	1
998	1411	1
998	1426	1
999	2220	1
999	1101	1
999	1875	1
999	255	1
999	875	1
999	1003	1
999	1694	1
999	2347	1
999	525	1
999	1686	1
999	1366	1
999	2225	1
999	1228	1
999	41	1
999	1098	1
999	2152	1
999	1253	1
999	303	1
999	749	1
999	653	1
999	591	1
999	2139	1
999	1929	1
999	1903	1
999	1137	1
999	1887	1
999	1941	1
999	2157	1
999	818	1
999	996	1
999	2398	1
999	842	1
999	2418	1
999	2125	1
999	1520	1
1000	255	1
1000	1607	1
1000	537	1
1000	2239	1
1000	1739	1
1000	653	1
1000	942	1
1000	403	1
1000	733	1
1000	944	1
1000	506	1
1001	865	1
1001	333	1
1001	2347	1
1001	1686	1
1001	684	1
1001	1204	1
1001	1050	1
1001	1253	1
1001	867	1
1001	749	1
1001	1179	1
1001	497	1
1001	2299	1
1001	98	1
1001	842	1
1001	1001	1
1001	17	1
1001	62	1
1002	1422	1
1002	824	1
1002	2347	1
1002	537	1
1002	1739	1
1002	2273	1
1002	1204	1
1002	2383	1
1002	1084	1
1002	1546	1
1002	944	1
1003	1830	1
1003	1253	1
1003	1160	1
1003	1941	1
1003	842	1
1003	1488	1
1003	2304	1
1003	1581	1
1004	2169	1
1004	177	1
1004	1929	1
1004	557	1
1004	1841	1
1004	190	1
1004	1941	1
1004	2304	1
1004	2125	1
1004	247	1
1004	62	1
1004	1624	1
1005	2247	1
1005	1003	1
1005	2024	1
1005	2347	1
1005	1686	1
1005	0	1
1005	1050	1
1005	303	1
1005	1941	1
1005	98	1
1005	1581	1
1006	1101	1
1006	537	1
1006	1253	1
1006	125	1
1006	1941	1
1006	986	1
1006	379	1
1006	1488	1
1006	2216	1
1006	603	1
1007	2165	1
1007	1119	1
1007	2169	1
1007	2347	1
1007	537	1
1007	1686	1
1007	104	1
1007	2005	1
1007	1253	1
1007	2097	1
1007	557	1
1007	190	1
1007	1941	1
1007	569	1
1007	784	1
1007	1109	1
1007	2181	1
1007	1488	1
1007	741	1
1007	2125	1
1007	247	1
1007	2216	1
1008	2165	1
1008	2169	1
1008	333	1
1008	2347	1
1008	867	1
1008	784	1
1009	1241	1
1009	1707	1
1009	333	1
1009	281	1
1009	1469	1
1009	537	1
1009	525	1
1009	1686	1
1009	1374	1
1009	0	1
1009	832	1
1009	125	1
1009	1841	1
1009	753	1
1009	1941	1
1009	1966	1
1009	2423	1
1009	370	1
1009	2125	1
1009	1144	1
1010	1875	1
1010	255	1
1010	537	1
1010	1204	1
1010	1253	1
1010	1046	1
1010	749	1
1010	125	1
1010	1979	1
1010	2157	1
1010	842	1
1010	1019	1
1010	1488	1
1010	1242	1
1010	1071	1
1011	1101	1
1011	1875	1
1011	760	1
1011	537	1
1011	1033	1
1011	2231	1
1011	1253	1
1011	1893	1
1011	1046	1
1011	125	1
1011	2090	1
1011	1941	1
1011	2157	1
1011	1019	1
1011	1488	1
1011	741	1
1011	17	1
1011	1458	1
1011	736	1
1011	438	1
1012	1875	1
1012	2347	1
1012	1686	1
1012	1374	1
1012	2231	1
1012	1253	1
1012	1893	1
1012	1046	1
1012	2090	1
1012	1979	1
1012	1941	1
1012	2157	1
1012	842	1
1012	1019	1
1012	1242	1
1012	62	1
1012	1458	1
1012	736	1
1012	1498	1
1012	1372	1
1013	1797	1
1013	989	1
1013	1101	1
1013	255	1
1013	1145	1
1013	281	1
1013	1562	1
1013	2360	1
1013	1469	1
1013	1694	1
1013	537	1
1013	1033	1
1013	525	1
1013	1686	1
1013	1228	1
1013	1374	1
1013	1065	1
1013	1098	1
1013	0	1
1013	2152	1
1013	1074	1
1013	1253	1
1013	605	1
1013	303	1
1013	1806	1
1013	591	1
1013	1514	1
1013	1933	1
1013	813	1
1013	1503	1
1013	1936	1
1013	450	1
1013	1887	1
1013	954	1
1013	790	1
1013	1293	1
1013	98	1
1013	2266	1
1013	1783	1
1013	1473	1
1013	1242	1
1013	8	1
1013	736	1
1013	1520	1
1013	114	1
1013	959	1
1013	1900	1
1014	1232	1
1014	333	1
1014	2206	1
1014	1694	1
1014	537	1
1014	1204	1
1014	1050	1
1014	753	1
1014	611	1
1014	842	1
1014	1488	1
1014	17	1
1014	1581	1
1014	572	1
1014	2216	1
1015	1101	1
1015	433	1
1015	255	1
1015	1003	1
1015	1232	1
1015	333	1
1015	2024	1
1015	1694	1
1015	1686	1
1015	1228	1
1015	2180	1
1015	1374	1
1015	1098	1
1015	832	1
1015	1050	1
1015	303	1
1015	1893	1
1015	1046	1
1015	753	1
1015	2157	1
1015	996	1
1015	569	1
1015	1109	1
1015	611	1
1015	1019	1
1015	741	1
1015	2418	1
1015	247	1
1015	1242	1
1015	62	1
1015	736	1
1015	1520	1
1015	2216	1
1016	1797	1
1016	1232	1
1016	1236	1
1016	2347	1
1016	1228	1
1016	1098	1
1016	2162	1
1016	1204	1
1016	1253	1
1016	164	1
1016	2090	1
1016	1501	1
1016	1941	1
1016	1540	1
1016	17	1
1016	256	1
1016	373	1
1016	1922	1
1017	1686	1
1017	741	1
1017	62	1
1017	2216	1
1018	1686	1
1018	741	1
1018	256	1
1018	2216	1
1019	1253	1
1019	256	1
1019	62	1
1019	2216	1
1020	1101	1
1020	1875	1
1020	255	1
1020	2347	1
1020	2052	1
1020	537	1
1020	1686	1
1020	1204	1
1020	1050	1
1020	753	1
1020	1941	1
1020	842	1
1020	1488	1
1020	17	1
1020	2216	1
1021	2169	1
1021	2206	1
1021	1686	1
1021	867	1
1021	2369	1
1021	741	1
1021	62	1
1022	626	1
1022	2169	1
1022	255	1
1022	1232	1
1022	281	1
1022	1694	1
1022	2347	1
1022	729	1
1022	1686	1
1022	1228	1
1022	1374	1
1022	1098	1
1022	2231	1
1022	1204	1
1022	1050	1
1022	1253	1
1022	1893	1
1022	749	1
1022	653	1
1022	557	1
1022	190	1
1022	1160	1
1022	1941	1
1022	2157	1
1022	1109	1
1022	842	1
1022	1488	1
1022	741	1
1022	934	1
1022	159	1
1022	247	1
1022	17	1
1022	1242	1
1022	572	1
1022	2216	1
1023	1910	1
1023	1101	1
1023	255	1
1023	333	1
1023	2347	1
1023	2052	1
1023	537	1
1023	2104	1
1023	1686	1
1023	1366	1
1023	2018	1
1023	2163	1
1023	1374	1
1023	1098	1
1023	0	1
1023	1050	1
1023	1200	1
1023	1074	1
1023	1253	1
1023	749	1
1023	653	1
1023	591	1
1023	1929	1
1023	980	1
1023	1903	1
1023	190	1
1023	2310	1
1023	1286	1
1023	1160	1
1023	954	1
1023	818	1
1023	569	1
1023	986	1
1023	790	1
1023	54	1
1023	282	1
1023	98	1
1023	1229	1
1023	108	1
1023	373	1
1023	1473	1
1023	2388	1
1023	572	1
1023	959	1
1023	1104	1
1023	2307	1
1023	2362	1
1024	1101	1
1024	1003	1
1024	1232	1
1024	1686	1
1024	104	1
1024	1253	1
1024	557	1
1024	1941	1
1024	1488	1
1024	741	1
1024	934	1
1024	1614	1
1024	1242	1
1024	62	1
1024	1071	1
1025	537	1
1025	2166	1
1025	507	1
1026	1050	1
1026	867	1
1027	433	1
1027	1232	1
1027	1694	1
1027	2347	1
1027	537	1
1027	729	1
1027	1228	1
1027	0	1
1027	1253	1
1027	135	1
1027	749	1
1027	591	1
1027	1584	1
1027	190	1
1027	1941	1
1027	569	1
1027	611	1
1027	741	1
1027	2266	1
1027	247	1
1027	17	1
1027	326	1
1027	1242	1
1027	62	1
1028	1875	1
1028	333	1
1028	2286	1
1028	2347	1
1028	10	1
1028	1881	1
1028	355	1
1028	749	1
1028	399	1
1028	145	1
1028	1441	1
1028	1540	1
1028	1348	1
1028	2294	1
1028	731	1
1028	842	1
1028	326	1
1028	62	1
1028	736	1
1028	1177	1
1028	2014	1
1029	2347	1
1029	1686	1
1029	784	1
1029	842	1
1029	1581	1
1030	1663	1
1030	303	1
1030	749	1
1030	557	1
1030	794	1
1030	574	1
1030	1088	1
1030	893	1
1030	741	1
1030	801	1
1030	2105	1
1031	1694	1
1031	1686	1
1031	1050	1
1031	190	1
1031	1160	1
1031	1941	1
1031	986	1
1031	741	1
1031	2418	1
1031	17	1
1031	256	1
1031	373	1
1031	736	1
1032	2206	1
1032	1686	1
1032	1050	1
1032	1253	1
1032	867	1
1032	784	1
1032	842	1
1032	741	1
1033	1875	1
1033	2169	1
1033	875	1
1033	2206	1
1033	675	1
1033	455	1
1033	1236	1
1033	2024	1
1033	2347	1
1033	537	1
1033	1686	1
1033	684	1
1033	1204	1
1033	1253	1
1033	653	1
1033	1941	1
1033	1540	1
1033	784	1
1033	1488	1
1033	334	1
1033	741	1
1033	1458	1
1033	2216	1
1033	535	1
1034	1797	1
1034	626	1
1034	255	1
1034	922	1
1034	875	1
1034	1358	1
1034	1003	1
1034	2206	1
1034	2360	1
1034	1469	1
1034	967	1
1034	2024	1
1034	1694	1
1034	2347	1
1034	537	1
1034	729	1
1034	1660	1
1034	1033	1
1034	1925	1
1034	684	1
1034	1228	1
1034	104	1
1034	1374	1
1034	67	1
1034	1653	1
1034	1050	1
1034	1253	1
1034	653	1
1034	781	1
1034	2317	1
1034	2097	1
1034	125	1
1034	557	1
1034	794	1
1034	753	1
1034	1160	1
1034	2092	1
1034	80	1
1034	1941	1
1034	1244	1
1034	1541	1
1034	1540	1
1034	2369	1
1034	1179	1
1034	784	1
1034	1004	1
1034	1109	1
1034	683	1
1034	1063	1
1034	348	1
1034	1860	1
1034	842	1
1034	1019	1
1034	1488	1
1034	741	1
1034	2418	1
1034	1614	1
1034	2304	1
1034	2125	1
1034	549	1
1034	1783	1
1034	17	1
1034	326	1
1034	373	1
1034	593	1
1034	62	1
1034	253	1
1034	1458	1
1034	736	1
1034	808	1
1034	821	1
1034	535	1
1035	1925	1
1035	2092	1
1035	1636	1
1035	256	1
1036	1797	1
1036	1875	1
1036	1236	1
1036	2347	1
1036	537	1
1036	1686	1
1036	1228	1
1036	1204	1
1036	2092	1
1036	1636	1
1036	986	1
1036	379	1
1036	842	1
1036	1488	1
1036	17	1
1036	256	1
1036	62	1
1037	2169	1
1037	333	1
1037	1236	1
1037	537	1
1037	1925	1
1037	1050	1
1037	2092	1
1037	1941	1
1037	1540	1
1037	2369	1
1037	256	1
1037	373	1
1037	62	1
1037	2216	1
1038	1797	1
1038	1101	1
1038	2169	1
1038	333	1
1038	1469	1
1038	537	1
1038	1925	1
1038	1374	1
1038	1098	1
1038	867	1
1038	1160	1
1038	1941	1
1038	1636	1
1038	1540	1
1038	2369	1
1038	1019	1
1038	741	1
1038	17	1
1038	256	1
1038	373	1
1038	2017	1
1038	572	1
1039	379	1
1039	256	1
1039	1458	1
1040	1686	1
1040	1253	1
1040	741	1
1040	17	1
1040	256	1
1041	1101	1
1041	1232	1
1041	2052	1
1041	537	1
1041	1686	1
1041	1925	1
1041	1228	1
1041	958	1
1041	2162	1
1041	1253	1
1041	567	1
1041	1160	1
1041	1941	1
1041	1636	1
1041	2369	1
1041	1088	1
1041	784	1
1041	1019	1
1041	741	1
1041	17	1
1041	256	1
1041	62	1
1041	2216	1
1042	1101	1
1042	2169	1
1042	333	1
1042	1236	1
1042	2347	1
1042	537	1
1042	1925	1
1042	1204	1
1042	1253	1
1042	867	1
1042	1160	1
1042	741	1
1042	62	1
1042	2216	1
1043	2360	1
1043	675	1
1043	1660	1
1043	1204	1
1043	1721	1
1043	303	1
1043	1898	1
1043	653	1
1043	1540	1
1043	2369	1
1043	29	1
1043	1458	1
1043	535	1
1044	2186	1
1044	1875	1
1044	255	1
1044	1232	1
1044	560	1
1044	1469	1
1044	2095	1
1044	1713	1
1044	537	1
1044	729	1
1044	525	1
1044	1686	1
1044	1448	1
1044	698	1
1044	10	1
1044	1228	1
1044	337	1
1044	958	1
1044	1098	1
1044	1075	1
1044	1653	1
1044	0	1
1044	2162	1
1044	2231	1
1044	1173	1
1044	1204	1
1044	2280	1
1044	867	1
1044	1230	1
1044	2410	1
1044	1277	1
1044	303	1
1044	395	1
1044	749	1
1044	653	1
1044	2097	1
1044	125	1
1044	794	1
1044	190	1
1044	1936	1
1044	567	1
1044	1160	1
1044	115	1
1044	1088	1
1044	208	1
1044	611	1
1044	842	1
1044	1783	1
1044	17	1
1044	1581	1
1044	62	1
1044	1652	1
1044	917	1
1044	438	1
1044	535	1
1044	1856	1
1045	1101	1
1045	455	1
1045	537	1
1045	1686	1
1045	1253	1
1045	653	1
1045	1540	1
1045	1488	1
1045	334	1
1045	741	1
1045	62	1
1046	1469	1
1046	1713	1
1046	1033	1
1046	1686	1
1046	684	1
1046	1253	1
1046	2383	1
1046	653	1
1046	842	1
1046	334	1
1046	741	1
1046	17	1
1046	62	1
1046	438	1
1047	1686	1
1047	684	1
1047	1204	1
1047	1050	1
1047	741	1
1047	256	1
1047	2216	1
1048	875	1
1048	675	1
1048	1713	1
1048	2383	1
1048	535	1
1049	2186	1
1049	1763	1
1049	2095	1
1049	1660	1
1049	1686	1
1049	1228	1
1049	337	1
1049	958	1
1049	1098	1
1049	1173	1
1049	303	1
1049	557	1
1049	1941	1
1049	1783	1
1050	875	1
1050	675	1
1050	1694	1
1050	2347	1
1050	1713	1
1050	1033	1
1050	1925	1
1050	1653	1
1050	1050	1
1050	2383	1
1050	749	1
1050	653	1
1050	2090	1
1050	2092	1
1050	334	1
1050	256	1
1050	1856	1
1051	626	1
1051	875	1
1051	2024	1
1051	1660	1
1051	525	1
1051	2163	1
1051	337	1
1051	1374	1
1051	1098	1
1051	1653	1
1051	1050	1
1051	303	1
1051	749	1
1051	2097	1
1051	367	1
1051	557	1
1051	794	1
1051	190	1
1051	1936	1
1051	115	1
1051	1088	1
1051	410	1
1051	2294	1
1051	1109	1
1051	208	1
1051	842	1
1051	159	1
1051	247	1
1051	17	1
1051	736	1
1051	2216	1
1051	808	1
1052	875	1
1052	1729	1
1052	1686	1
1052	684	1
1052	1050	1
1052	867	1
1053	875	1
1053	675	1
1053	455	1
1053	1033	1
1053	1686	1
1053	1098	1
1053	1204	1
1053	303	1
1053	653	1
1053	567	1
1053	842	1
1053	334	1
1053	741	1
1053	256	1
1053	1856	1
1054	1910	1
1054	255	1
1054	1232	1
1054	333	1
1054	1469	1
1054	1694	1
1054	2347	1
1054	537	1
1054	729	1
1054	1033	1
1054	525	1
1054	1686	1
1054	467	1
1054	1228	1
1054	1374	1
1054	2162	1
1054	1204	1
1054	1929	1
1054	557	1
1054	190	1
1054	753	1
1054	1160	1
1054	98	1
1054	611	1
1054	741	1
1054	247	1
1054	17	1
1054	2216	1
1055	2169	1
1055	255	1
1055	2104	1
1055	1686	1
1055	1050	1
1055	749	1
1055	1584	1
1055	1156	1
1055	1973	1
1055	1860	1
1055	842	1
1055	2198	1
1055	17	1
1055	62	1
1055	902	1
1055	1300	1
1056	783	1
1056	1763	1
1056	1469	1
1056	655	1
1056	1686	1
1056	1362	1
1056	1228	1
1056	337	1
1056	958	1
1056	1374	1
1056	1999	1
1056	515	1
1056	303	1
1056	2054	1
1056	557	1
1056	567	1
1056	1941	1
1056	2157	1
1056	1088	1
1056	1109	1
1056	348	1
1056	1956	1
1056	539	1
1056	842	1
1056	741	1
1056	1581	1
1057	1050	1
1057	2157	1
1057	17	1
1058	455	1
1058	1686	1
1058	1898	1
1058	1540	1
1058	17	1
1058	256	1
1058	535	1
1059	1797	1
1059	1101	1
1059	1875	1
1059	875	1
1059	675	1
1059	455	1
1059	560	1
1059	1469	1
1059	1694	1
1059	1033	1
1059	684	1
1059	1374	1
1059	1098	1
1059	2021	1
1059	1653	1
1059	0	1
1059	1204	1
1059	314	1
1059	1050	1
1059	918	1
1059	867	1
1059	303	1
1059	2383	1
1059	653	1
1059	190	1
1059	1227	1
1059	567	1
1059	1941	1
1059	1540	1
1059	2369	1
1059	1461	1
1059	1386	1
1059	1136	1
1059	842	1
1059	1019	1
1059	2361	1
1059	1614	1
1059	2125	1
1059	17	1
1059	1581	1
1059	1242	1
1059	736	1
1059	438	1
1059	2216	1
1059	535	1
1059	1856	1
1060	1119	1
1060	1713	1
1060	1686	1
1060	2231	1
1060	1277	1
1060	17	1
1061	675	1
1061	1469	1
1061	1033	1
1061	1686	1
1061	2383	1
1061	567	1
1061	1941	1
1061	842	1
1061	2361	1
1061	17	1
1062	2169	1
1062	2360	1
1062	1351	1
1062	967	1
1062	2347	1
1062	1942	1
1062	1686	1
1062	1448	1
1062	104	1
1062	1098	1
1062	2280	1
1062	1050	1
1062	653	1
1062	2196	1
1062	1645	1
1062	567	1
1062	2092	1
1062	1941	1
1062	115	1
1062	1566	1
1062	348	1
1062	842	1
1062	1019	1
1062	427	1
1062	17	1
1062	62	1
1062	2216	1
1063	1875	1
1063	2169	1
1063	875	1
1063	675	1
1063	1469	1
1063	1686	1
1063	1204	1
1063	653	1
1063	334	1
1063	741	1
1063	17	1
1063	256	1
1064	255	1
1064	1660	1
1064	525	1
1064	1686	1
1064	684	1
1064	1374	1
1064	1098	1
1064	1050	1
1064	303	1
1064	749	1
1064	653	1
1064	1941	1
1064	1088	1
1064	842	1
1064	741	1
1064	2361	1
1064	17	1
1065	1797	1
1065	2205	1
1065	1101	1
1065	2169	1
1065	875	1
1065	1562	1
1065	1351	1
1065	1236	1
1065	2052	1
1065	537	1
1065	1050	1
1065	1253	1
1065	190	1
1065	753	1
1065	567	1
1065	1160	1
1065	1941	1
1065	1488	1
1065	741	1
1065	2125	1
1065	2198	1
1065	1581	1
1065	1242	1
1065	62	1
1065	736	1
1065	902	1
1066	2169	1
1066	1003	1
1066	1469	1
1066	1236	1
1066	446	1
1066	1694	1
1066	2347	1
1066	2052	1
1066	1029	1
1066	537	1
1066	729	1
1066	177	1
1066	1228	1
1066	1374	1
1066	1103	1
1066	1204	1
1066	1253	1
1066	867	1
1066	1277	1
1066	303	1
1066	749	1
1066	2097	1
1066	125	1
1066	567	1
1066	1160	1
1066	1887	1
1066	1540	1
1066	569	1
1066	796	1
1066	1109	1
1066	403	1
1066	611	1
1066	379	1
1066	1488	1
1066	132	1
1066	741	1
1066	2304	1
1066	2125	1
1066	373	1
1066	62	1
1066	253	1
1066	2216	1
1066	902	1
1066	1104	1
1067	1101	1
1067	1875	1
1067	875	1
1067	1232	1
1067	333	1
1067	2347	1
1067	537	1
1067	1925	1
1067	1228	1
1067	1374	1
1067	1204	1
1067	1253	1
1067	867	1
1067	1417	1
1067	2092	1
1067	1941	1
1067	2157	1
1067	1019	1
1067	741	1
1067	2198	1
1067	62	1
1067	902	1
1068	1875	1
1068	1236	1
1068	2347	1
1068	1686	1
1068	1253	1
1068	1540	1
1068	842	1
1068	256	1
1068	1458	1
1068	2216	1
1068	535	1
1069	1875	1
1069	875	1
1069	333	1
1069	1686	1
1069	1204	1
1069	2157	1
1069	842	1
1069	741	1
1069	535	1
1070	1875	1
1070	455	1
1070	1469	1
1070	2347	1
1070	1660	1
1070	1033	1
1070	1686	1
1070	1374	1
1070	1098	1
1070	2383	1
1070	1160	1
1070	2092	1
1070	1540	1
1070	2369	1
1070	1019	1
1070	1488	1
1070	741	1
1070	159	1
1070	256	1
1070	62	1
1070	1458	1
1070	736	1
1070	535	1
1071	1875	1
1071	875	1
1071	1469	1
1071	1686	1
1071	684	1
1071	1228	1
1071	1098	1
1071	1253	1
1071	867	1
1071	2383	1
1071	653	1
1071	1540	1
1071	17	1
1071	62	1
1071	1856	1
1072	1686	1
1072	1204	1
1072	1050	1
1072	1941	1
1072	2157	1
1072	62	1
1073	255	1
1073	1729	1
1073	1003	1
1073	1232	1
1073	333	1
1073	2024	1
1073	1694	1
1073	2347	1
1073	1686	1
1073	1098	1
1073	1253	1
1073	591	1
1073	1160	1
1073	1941	1
1073	611	1
1073	842	1
1073	1488	1
1073	741	1
1073	2125	1
1073	17	1
1073	1242	1
1073	2016	1
1073	2216	1
1073	1624	1
1074	1232	1
1074	1469	1
1074	1694	1
1074	1686	1
1074	1228	1
1074	1374	1
1074	1050	1
1074	303	1
1074	653	1
1074	741	1
1074	736	1
1075	875	1
1075	726	1
1075	1363	1
1075	1686	1
1075	983	1
1075	1228	1
1075	294	1
1075	1253	1
1075	385	1
1075	1907	1
1075	371	1
1075	899	1
1075	505	1
1075	1541	1
1075	307	1
1075	1208	1
1075	1004	1
1075	1237	1
1075	1455	1
1075	482	1
1075	500	1
1075	2013	1
1075	2077	1
1075	1529	1
1075	38	1
1076	2347	1
1076	174	1
1076	1050	1
1076	1830	1
1076	303	1
1076	653	1
1076	567	1
1076	1941	1
1076	2157	1
1076	842	1
1076	741	1
1077	255	1
1077	1469	1
1077	1686	1
1077	1228	1
1077	1050	1
1077	1253	1
1077	749	1
1077	653	1
1077	1160	1
1077	1941	1
1077	115	1
1077	499	1
1077	842	1
1077	741	1
1077	373	1
1077	62	1
1077	736	1
1077	603	1
1077	1426	1
1078	255	1
1078	333	1
1078	1204	1
1078	1050	1
1078	303	1
1078	746	1
1078	1941	1
1078	2157	1
1078	741	1
1078	62	1
1079	2409	1
1079	1232	1
1079	622	1
1079	537	1
1079	729	1
1079	1033	1
1079	467	1
1079	684	1
1079	1228	1
1079	1374	1
1079	1098	1
1079	0	1
1079	1050	1
1079	1253	1
1079	749	1
1079	1160	1
1079	1941	1
1079	2294	1
1079	1386	1
1079	712	1
1079	2304	1
1079	17	1
1079	1581	1
1080	1797	1
1080	1101	1
1080	1562	1
1080	1694	1
1080	2347	1
1080	2052	1
1080	251	1
1080	537	1
1080	729	1
1080	1033	1
1080	1686	1
1080	467	1
1080	1228	1
1080	337	1
1080	958	1
1080	1098	1
1080	0	1
1080	314	1
1080	1050	1
1080	1253	1
1080	303	1
1080	749	1
1080	557	1
1080	190	1
1080	1941	1
1080	1541	1
1080	569	1
1080	1208	1
1080	1109	1
1080	712	1
1080	611	1
1080	2304	1
1080	62	1
1080	438	1
1080	572	1
1080	2013	1
1080	603	1
1080	38	1
1081	1875	1
1081	2169	1
1081	1232	1
1081	1469	1
1081	446	1
1081	1686	1
1081	467	1
1081	1374	1
1081	1098	1
1081	1204	1
1081	314	1
1081	1050	1
1081	1830	1
1081	303	1
1081	567	1
1081	2092	1
1081	2051	1
1081	842	1
1081	2361	1
1081	2304	1
1081	62	1
1081	438	1
1082	1101	1
1082	2169	1
1082	2247	1
1082	622	1
1082	2347	1
1082	2052	1
1082	537	1
1082	1686	1
1082	467	1
1082	983	1
1082	1059	1
1082	337	1
1082	1374	1
1082	1098	1
1082	0	1
1082	1204	1
1082	314	1
1082	1050	1
1082	1253	1
1082	749	1
1082	557	1
1082	1936	1
1082	1160	1
1082	2092	1
1082	2157	1
1082	1541	1
1082	569	1
1082	929	1
1082	842	1
1082	2304	1
1082	373	1
1082	1677	1
1083	2409	1
1083	620	1
1083	922	1
1083	2027	1
1083	983	1
1083	371	1
1083	505	1
1083	1671	1
1083	1541	1
1083	1783	1
1083	1581	1
1083	1677	1
1083	2013	1
1083	1529	1
1083	680	1
1084	1119	1
1084	333	1
1084	1469	1
1084	537	1
1084	1686	1
1084	467	1
1084	1925	1
1084	1479	1
1084	2231	1
1084	1204	1
1084	1050	1
1084	1253	1
1084	395	1
1084	1955	1
1084	653	1
1084	1941	1
1084	2157	1
1085	1633	1
1085	887	1
1085	2406	1
1085	1711	1
1085	333	1
1085	2347	1
1085	1925	1
1085	1390	1
1085	297	1
1085	1204	1
1085	1256	1
1085	1050	1
1085	1830	1
1085	1046	1
1085	746	1
1085	1769	1
1085	1953	1
1085	190	1
1085	1941	1
1085	2157	1
1085	307	1
1085	1524	1
1085	719	1
1085	842	1
1085	1019	1
1085	62	1
1085	1287	1
1086	1101	1
1086	1875	1
1086	255	1
1086	446	1
1086	1694	1
1086	537	1
1086	1935	1
1086	1228	1
1086	1098	1
1086	1653	1
1086	2162	1
1086	1050	1
1086	1253	1
1086	303	1
1086	557	1
1086	190	1
1086	753	1
1086	1286	1
1086	1941	1
1086	410	1
1086	1956	1
1086	842	1
1086	741	1
1086	2125	1
1086	62	1
1086	736	1
1086	2216	1
1086	535	1
1087	1101	1
1087	1232	1
1087	281	1
1087	243	1
1087	967	1
1087	1236	1
1087	1694	1
1087	2347	1
1087	1686	1
1087	1204	1
1087	1050	1
1087	2267	1
1087	1253	1
1087	303	1
1087	2090	1
1087	387	1
1087	1160	1
1087	1941	1
1087	2294	1
1087	1860	1
1087	370	1
1087	842	1
1087	741	1
1087	2361	1
1087	2198	1
1087	62	1
1087	29	1
1087	736	1
1087	2216	1
1087	1300	1
1088	446	1
1088	2347	1
1088	537	1
1088	1686	1
1088	684	1
1088	1204	1
1088	1253	1
1088	591	1
1088	2369	1
1088	784	1
1088	842	1
1088	1488	1
1088	741	1
1089	1797	1
1089	626	1
1089	1101	1
1089	2169	1
1089	255	1
1089	875	1
1089	1232	1
1089	333	1
1089	281	1
1089	1562	1
1089	1469	1
1089	1694	1
1089	1998	1
1089	2347	1
1089	1029	1
1089	2	1
1089	729	1
1089	1660	1
1089	1935	1
1089	1686	1
1089	467	1
1089	1925	1
1089	698	1
1089	1228	1
1089	104	1
1089	2180	1
1089	1999	1
1089	1098	1
1089	1653	1
1089	1204	1
1089	1050	1
1089	1200	1
1089	867	1
1089	1230	1
1089	605	1
1089	303	1
1089	395	1
1089	1046	1
1089	749	1
1089	668	1
1089	653	1
1089	472	1
1089	2196	1
1089	42	1
1089	1538	1
1089	2097	1
1089	1933	1
1089	331	1
1089	516	1
1089	1841	1
1089	813	1
1089	190	1
1089	753	1
1089	1160	1
1089	2092	1
1089	1941	1
1089	115	1
1089	2041	1
1089	2157	1
1089	1432	1
1089	1636	1
1089	898	1
1089	569	1
1089	1088	1
1089	410	1
1089	54	1
1089	921	1
1089	1109	1
1089	146	1
1089	891	1
1089	683	1
1089	1745	1
1089	348	1
1089	1420	1
1089	370	1
1089	611	1
1089	842	1
1089	1019	1
1089	334	1
1089	2355	1
1089	2418	1
1089	1564	1
1089	1001	1
1089	159	1
1089	654	1
1089	1614	1
1089	2125	1
1089	1783	1
1089	247	1
1089	326	1
1089	62	1
1089	2016	1
1089	2290	1
1089	1407	1
1089	902	1
1089	1104	1
1089	1129	1
1089	2307	1
1089	179	1
1089	1426	1
1090	1232	1
1090	2347	1
1090	1686	1
1090	741	1
1090	62	1
1090	2216	1
1091	1797	1
1091	2347	1
1091	1550	1
1091	1228	1
1091	1050	1
1091	1253	1
1091	653	1
1091	741	1
1091	17	1
1091	373	1
1091	62	1
1091	604	1
1092	1232	1
1092	1686	1
1092	1050	1
1092	1941	1
1092	741	1
1092	62	1
1093	1101	1
1093	433	1
1093	1232	1
1093	622	1
1093	1694	1
1093	487	1
1093	537	1
1093	1033	1
1093	467	1
1093	1228	1
1093	1374	1
1093	874	1
1093	1050	1
1093	1253	1
1093	303	1
1093	653	1
1093	1941	1
1093	569	1
1093	1109	1
1093	348	1
1093	1420	1
1093	741	1
1093	247	1
1093	438	1
1094	989	1
1094	1232	1
1094	333	1
1094	1469	1
1094	2347	1
1094	1686	1
1094	1550	1
1094	1204	1
1094	1050	1
1094	303	1
1094	749	1
1094	1501	1
1094	1941	1
1094	842	1
1094	334	1
1095	809	1
1095	2347	1
1095	1686	1
1095	1050	1
1095	303	1
1095	653	1
1095	741	1
1096	1875	1
1096	255	1
1096	922	1
1096	250	1
1096	1232	1
1096	675	1
1096	1469	1
1096	1033	1
1096	684	1
1096	177	1
1096	707	1
1096	749	1
1096	2137	1
1096	1584	1
1096	712	1
1096	442	1
1096	225	1
1096	379	1
1096	1019	1
1096	1488	1
1096	741	1
1096	1458	1
1096	572	1
1096	252	1
1096	2057	1
1096	2077	1
1096	740	1
1096	363	1
1097	2186	1
1097	1119	1
1097	1232	1
1097	2347	1
1097	1033	1
1097	1686	1
1097	415	1
1097	467	1
1097	698	1
1097	1314	1
1097	1479	1
1097	0	1
1097	1256	1
1097	1253	1
1097	867	1
1097	395	1
1097	954	1
1097	1941	1
1097	2294	1
1097	784	1
1097	1996	1
1097	1557	1
1097	842	1
1097	741	1
1097	151	1
1097	1290	1
1097	1521	1
1097	2119	1
1097	1426	1
1098	2347	1
1098	1253	1
1098	842	1
1098	741	1
1098	373	1
1099	1797	1
1099	2347	1
1099	1686	1
1099	1253	1
1099	1936	1
1099	2051	1
1099	842	1
1099	741	1
1099	1581	1
1100	2169	1
1100	1050	1
1100	1830	1
1100	667	1
1100	784	1
1100	2051	1
1101	807	1
1101	1830	1
1101	741	1
1101	1581	1
1102	1797	1
1102	807	1
1102	1686	1
1102	1581	1
1103	1797	1
1103	1070	1
1103	1686	1
1103	1050	1
1103	1715	1
1103	1253	1
1103	225	1
1103	842	1
1103	17	1
1103	373	1
1103	253	1
1103	2057	1
1103	1677	1
1104	937	1
1104	1101	1
1104	333	1
1104	1469	1
1104	1830	1
1104	1253	1
1104	303	1
1104	954	1
1104	1919	1
1104	603	1
1105	937	1
1105	2169	1
1105	2409	1
1105	2347	1
1105	1050	1
1105	303	1
1105	749	1
1105	653	1
1105	954	1
1105	784	1
1105	1386	1
1105	2051	1
1105	373	1
1106	937	1
1106	922	1
1106	333	1
1106	675	1
1106	653	1
1106	2097	1
1106	842	1
1106	741	1
1107	1469	1
1107	1830	1
1107	674	1
1107	1581	1
1108	2169	1
1108	922	1
1108	333	1
1108	784	1
1108	1744	1
1109	937	1
1109	2169	1
1109	875	1
1109	333	1
1109	675	1
1109	560	1
1109	1203	1
1109	1686	1
1109	707	1
1109	1050	1
1109	1830	1
1109	954	1
1109	1941	1
1109	1541	1
1109	307	1
1109	784	1
1109	842	1
1109	334	1
1109	741	1
1109	1744	1
1109	2304	1
1109	373	1
1109	1677	1
1110	1797	1
1110	875	1
1110	2347	1
1110	807	1
1110	1686	1
1110	2321	1
1110	1830	1
1110	749	1
1110	1941	1
1110	2125	1
1110	373	1
1110	62	1
1111	2347	1
1111	1686	1
1111	1050	1
1111	1830	1
1111	1160	1
1111	348	1
1111	842	1
1111	741	1
1111	1581	1
1111	2216	1
1112	333	1
1112	1204	1
1112	1253	1
1112	741	1
1112	2304	1
1113	1797	1
1113	2347	1
1113	1204	1
1113	842	1
1113	741	1
1113	1581	1
1114	1797	1
1114	1349	1
1114	1119	1
1114	1165	1
1114	1990	1
1114	2409	1
1114	922	1
1114	1729	1
1114	1232	1
1114	333	1
1114	305	1
1114	1174	1
1114	675	1
1114	455	1
1114	1469	1
1114	2347	1
1114	807	1
1114	537	1
1114	525	1
1114	1517	1
1114	767	1
1114	1739	1
1114	758	1
1114	1228	1
1114	1374	1
1114	1999	1
1114	1098	1
1114	2321	1
1114	1204	1
1114	1256	1
1114	1050	1
1114	1253	1
1114	1955	1
1114	653	1
1114	136	1
1114	702	1
1114	794	1
1114	37	1
1114	1923	1
1114	448	1
1114	818	1
1114	576	1
1114	307	1
1114	1088	1
1114	896	1
1114	1386	1
1114	712	1
1114	573	1
1114	1254	1
1114	1237	1
1114	1063	1
1114	348	1
1114	208	1
1114	225	1
1114	842	1
1114	334	1
1114	741	1
1114	2361	1
1114	159	1
1114	181	1
1114	1783	1
1114	17	1
1114	62	1
1114	253	1
1114	736	1
1114	917	1
1114	2216	1
1114	252	1
1114	1753	1
1114	585	1
1114	1677	1
1114	1372	1
1114	1222	1
1114	740	1
1114	1388	1
1115	1797	1
1115	807	1
1115	1686	1
1115	1204	1
1115	1830	1
1115	2051	1
1115	741	1
1115	1581	1
1116	1686	1
1116	1830	1
1116	1253	1
1116	842	1
1116	1581	1
1117	333	1
1117	807	1
1117	1686	1
1117	1204	1
1117	1253	1
1117	842	1
1117	741	1
1117	373	1
1117	1581	1
1118	626	1
1118	1119	1
1118	2121	1
1118	675	1
1118	560	1
1118	1203	1
1118	2433	1
1118	1204	1
1118	910	1
1118	1568	1
1118	1830	1
1118	1253	1
1118	303	1
1118	653	1
1118	569	1
1118	1386	1
1118	842	1
1118	334	1
1118	741	1
1118	2330	1
1118	1783	1
1118	373	1
1118	62	1
1118	252	1
1118	1677	1
1118	391	1
1119	1797	1
1119	1686	1
1119	177	1
1119	1050	1
1119	98	1
1119	159	1
1119	17	1
1119	373	1
1119	1581	1
1120	2169	1
1120	1050	1
1120	1830	1
1120	842	1
1120	1488	1
1120	741	1
1120	1677	1
1120	603	1
1120	1076	1
1121	2409	1
1121	333	1
1121	675	1
1121	1830	1
1121	1386	1
1121	2051	1
1121	2304	1
1121	1581	1
1121	438	1
1122	1600	1
1122	937	1
1122	484	1
1122	2169	1
1122	255	1
1122	2409	1
1122	2247	1
1122	61	1
1122	620	1
1122	922	1
1122	333	1
1122	105	1
1122	1562	1
1122	2079	1
1122	675	1
1122	455	1
1122	1203	1
1122	1478	1
1122	2347	1
1122	807	1
1122	537	1
1122	1033	1
1122	525	1
1122	467	1
1122	767	1
1122	1739	1
1122	698	1
1122	983	1
1122	337	1
1122	1098	1
1122	2321	1
1122	952	1
1122	874	1
1122	293	1
1122	707	1
1122	1715	1
1122	1830	1
1122	1253	1
1122	303	1
1122	2189	1
1122	749	1
1122	653	1
1122	1271	1
1122	2097	1
1122	1316	1
1122	557	1
1122	1273	1
1122	1841	1
1122	1936	1
1122	567	1
1122	2092	1
1122	2157	1
1122	3	1
1122	1541	1
1122	1540	1
1122	569	1
1122	307	1
1122	1088	1
1122	356	1
1122	784	1
1122	573	1
1122	1254	1
1122	2299	1
1122	98	1
1122	1237	1
1122	1063	1
1122	611	1
1122	379	1
1122	1488	1
1122	741	1
1122	1744	1
1122	206	1
1122	2304	1
1122	1783	1
1122	24	1
1122	373	1
1122	1581	1
1122	62	1
1122	2371	1
1122	347	1
1122	2057	1
1122	604	1
1122	1677	1
1122	1071	1
1122	740	1
1123	1797	1
1123	2169	1
1123	2409	1
1123	875	1
1123	333	1
1123	1686	1
1123	1415	1
1123	1936	1
1123	1386	1
1123	2051	1
1123	842	1
1123	741	1
1123	373	1
1123	253	1
1124	1797	1
1124	1241	1
1124	1910	1
1124	1003	1
1124	2347	1
1124	1312	1
1124	1204	1
1124	1316	1
1124	2157	1
1124	1870	1
1124	1540	1
1124	1386	1
1124	98	1
1124	225	1
1124	1488	1
1124	741	1
1124	17	1
1124	373	1
1124	253	1
1124	1677	1
1124	1325	1
1125	1797	1
1125	386	1
1125	473	1
1125	2247	1
1125	1232	1
1125	333	1
1125	622	1
1125	455	1
1125	487	1
1125	537	1
1125	1033	1
1125	1686	1
1125	467	1
1125	1925	1
1125	958	1
1125	1204	1
1125	303	1
1125	653	1
1125	190	1
1125	567	1
1125	1160	1
1125	2092	1
1125	80	1
1125	1357	1
1125	364	1
1125	1088	1
1125	784	1
1125	712	1
1125	683	1
1125	1237	1
1125	348	1
1125	370	1
1125	225	1
1125	379	1
1125	1488	1
1125	741	1
1125	1744	1
1125	2304	1
1125	1783	1
1125	2350	1
1125	17	1
1125	1581	1
1125	62	1
1125	396	1
1125	253	1
1125	438	1
1125	2057	1
1125	821	1
1125	633	1
1125	603	1
1126	1686	1
1126	1204	1
1126	1830	1
1126	1253	1
1126	1941	1
1126	842	1
1126	373	1
1126	1581	1
1126	62	1
1127	110	1
1127	83	1
1127	2380	1
1127	16	1
1127	653	1
1127	1584	1
1127	1541	1
1127	364	1
1127	1038	1
1127	2062	1
1127	1109	1
1127	2175	1
1127	1420	1
1127	1978	1
1127	741	1
1127	889	1
1127	1814	1
1127	2440	1
1127	2050	1
1127	38	1
1128	1797	1
1128	333	1
1128	842	1
1128	741	1
1128	1581	1
1129	741	1
1129	373	1
1129	1581	1
1130	1581	1
1131	1686	1
1131	842	1
1131	1581	1
1132	1797	1
1132	333	1
1132	1686	1
1132	1830	1
1132	2051	1
1132	1581	1
1133	1581	1
1134	1204	1
1134	1386	1
1134	442	1
1134	842	1
1134	741	1
1134	1677	1
1135	2169	1
1135	922	1
1135	333	1
1135	2347	1
1135	1686	1
1135	467	1
1135	1050	1
1135	395	1
1135	653	1
1135	557	1
1135	954	1
1135	3	1
1135	784	1
1135	1386	1
1135	2263	1
1135	1063	1
1135	442	1
1135	2051	1
1135	741	1
1135	1744	1
1135	206	1
1135	28	1
1135	2304	1
1135	1581	1
1135	1677	1
1136	1386	1
1136	2051	1
1136	159	1
1136	2304	1
1137	675	1
1137	1050	1
1137	1581	1
1138	1797	1
1138	675	1
1138	807	1
1138	1686	1
1138	1830	1
1138	1253	1
1138	784	1
1138	842	1
1138	373	1
1139	1797	1
1139	1581	1
1140	1253	1
1140	653	1
1140	842	1
1140	1581	1
1141	1830	1
1141	2051	1
1141	741	1
1142	1386	1
1143	2169	1
1143	1729	1
1143	809	1
1143	675	1
1143	2347	1
1143	1059	1
1143	1050	1
1143	910	1
1143	653	1
1143	1796	1
1143	241	1
1143	1541	1
1143	784	1
1143	1019	1
1143	741	1
1143	654	1
1143	1677	1
1143	439	1
1143	38	1
1144	1050	1
1144	1395	1
1145	1050	1
1145	303	1
1145	379	1
1145	741	1
1145	2304	1
1146	922	1
1146	1295	1
1146	455	1
1146	560	1
1146	1203	1
1146	2347	1
1146	6	1
1146	1228	1
1146	1204	1
1146	910	1
1146	1830	1
1146	653	1
1146	1159	1
1146	784	1
1146	1386	1
1146	442	1
1146	1978	1
1146	2051	1
1146	842	1
1146	741	1
1146	2413	1
1146	2065	1
1146	2304	1
1146	1303	1
1146	1783	1
1146	373	1
1146	1652	1
1146	1677	1
1146	1325	1
1147	1875	1
1147	675	1
1147	467	1
1147	1204	1
1147	1253	1
1147	2157	1
1147	1540	1
1147	1386	1
1147	741	1
1147	1744	1
1147	2304	1
1147	1581	1
1147	1677	1
1148	1295	1
1148	333	1
1148	1562	1
1148	2121	1
1148	1203	1
1148	2433	1
1148	349	1
1148	1059	1
1148	874	1
1148	303	1
1148	364	1
1148	1159	1
1148	1109	1
1148	677	1
1148	1978	1
1148	1480	1
1148	2334	1
1149	675	1
1149	1203	1
1149	1050	1
1149	97	1
1149	741	1
1150	349	1
1150	674	1
1150	1159	1
1151	875	1
1151	1686	1
1151	874	1
1151	1253	1
1151	225	1
1151	741	1
1151	2065	1
1151	373	1
1151	253	1
1152	626	1
1152	255	1
1152	809	1
1152	1562	1
1152	2121	1
1152	1686	1
1152	83	1
1152	2380	1
1152	1059	1
1152	1228	1
1152	1050	1
1152	1253	1
1152	1159	1
1152	842	1
1152	1442	1
1152	1581	1
1152	438	1
1152	439	1
1153	1797	1
1153	2247	1
1153	1203	1
1153	1228	1
1153	1098	1
1153	910	1
1153	1936	1
1153	2157	1
1153	364	1
1153	1159	1
1153	784	1
1153	1978	1
1153	2051	1
1153	379	1
1153	842	1
1153	1019	1
1153	28	1
1153	2304	1
1153	703	1
1153	1480	1
1153	373	1
1153	1581	1
1153	438	1
1154	675	1
1154	455	1
1154	1686	1
1154	707	1
1154	842	1
1154	741	1
1155	675	1
1155	60	1
1155	842	1
1155	2304	1
1155	1581	1
1156	675	1
1156	1581	1
1157	675	1
1157	1312	1
1157	1386	1
1157	741	1
1158	675	1
1158	1203	1
1158	1312	1
1158	1362	1
1158	1050	1
1158	2207	1
1158	1951	1
1158	741	1
1158	2334	1
1158	1677	1
1158	2077	1
1158	2202	1
1158	1874	1
1158	439	1
1158	363	1
1159	1729	1
1159	1046	1
1159	653	1
1159	1235	1
1159	954	1
1160	1232	1
1160	333	1
1160	1312	1
1160	1228	1
1160	1098	1
1160	840	1
1160	741	1
1160	373	1
1161	1797	1
1161	675	1
1161	1050	1
1161	1386	1
1161	132	1
1161	62	1
1161	253	1
1161	438	1
1162	537	1
1162	910	1
1162	1159	1
1162	1488	1
1163	560	1
1163	349	1
1163	1159	1
1164	2247	1
1164	1729	1
1164	2121	1
1164	1203	1
1164	910	1
1164	367	1
1164	774	1
1164	1323	1
1164	1244	1
1164	1541	1
1164	1866	1
1164	1159	1
1164	1038	1
1164	677	1
1164	1978	1
1164	539	1
1164	60	1
1164	1488	1
1164	1508	1
1164	703	1
1164	1783	1
1164	2050	1
1164	603	1
1164	38	1
1165	2409	1
1165	875	1
1165	1686	1
1165	1253	1
1165	741	1
1165	2304	1
1165	62	1
1166	1797	1
1166	2169	1
1166	875	1
1166	675	1
1166	455	1
1166	2347	1
1166	1059	1
1166	1228	1
1166	910	1
1166	653	1
1166	1160	1
1166	1109	1
1166	98	1
1166	442	1
1166	2051	1
1166	379	1
1166	842	1
1166	1019	1
1166	1488	1
1166	2304	1
1166	373	1
1167	989	1
1167	1633	1
1167	1875	1
1167	2169	1
1167	433	1
1167	255	1
1167	922	1
1167	875	1
1167	250	1
1167	1232	1
1167	333	1
1167	675	1
1167	2024	1
1167	807	1
1167	1686	1
1167	1739	1
1167	509	1
1167	1390	1
1167	983	1
1167	1374	1
1167	297	1
1167	1173	1
1167	1204	1
1167	707	1
1167	1050	1
1167	2005	1
1167	1830	1
1167	1253	1
1167	303	1
1167	395	1
1167	1046	1
1167	1955	1
1167	653	1
1167	591	1
1167	369	1
1167	667	1
1167	794	1
1167	1941	1
1167	1348	1
1167	1723	1
1167	1386	1
1167	196	1
1167	712	1
1167	1063	1
1167	208	1
1167	823	1
1167	379	1
1167	842	1
1167	334	1
1167	741	1
1167	2304	1
1167	17	1
1167	373	1
1167	1581	1
1167	8	1
1167	253	1
1167	2371	1
1167	736	1
1167	1	1
1167	438	1
1167	2077	1
1167	1342	1
1167	30	1
1167	38	1
1168	1797	1
1168	875	1
1168	2347	1
1168	1830	1
1168	2051	1
1168	1581	1
1169	1797	1
1169	1910	1
1169	255	1
1169	1236	1
1169	2347	1
1169	851	1
1169	926	1
1169	1425	1
1169	149	1
1169	2098	1
1169	1253	1
1169	749	1
1169	145	1
1169	612	1
1169	1419	1
1169	2157	1
1169	1357	1
1169	379	1
1169	842	1
1169	741	1
1169	2198	1
1169	17	1
1169	373	1
1169	62	1
1169	253	1
1169	736	1
1169	2216	1
1170	1797	1
1170	1875	1
1170	2169	1
1170	333	1
1170	243	1
1170	2347	1
1170	1312	1
1170	926	1
1170	1425	1
1170	149	1
1170	749	1
1170	2157	1
1170	2294	1
1170	208	1
1170	2051	1
1170	379	1
1170	334	1
1170	62	1
1170	309	1
1170	1300	1
1171	1875	1
1171	875	1
1171	1232	1
1171	333	1
1171	1469	1
1171	2347	1
1171	1686	1
1171	1374	1
1171	1098	1
1171	1941	1
1171	996	1
1171	1348	1
1171	442	1
1171	208	1
1171	49	1
1171	2216	1
1172	809	1
1172	675	1
1172	684	1
1172	1050	1
1172	1386	1
1172	208	1
1172	741	1
1173	455	1
1173	2347	1
1173	1050	1
1173	653	1
1173	468	1
1173	954	1
1173	307	1
1173	1088	1
1173	1254	1
1173	842	1
1173	741	1
1173	49	1
1173	1677	1
1174	1875	1
1174	2169	1
1174	2409	1
1174	1232	1
1174	675	1
1174	537	1
1174	1686	1
1174	467	1
1174	1204	1
1174	1050	1
1174	867	1
1174	1046	1
1174	591	1
1174	1941	1
1174	784	1
1174	842	1
1174	373	1
1174	62	1
1175	989	1
1175	1633	1
1175	1101	1
1175	1875	1
1175	2169	1
1175	333	1
1175	244	1
1175	446	1
1175	2347	1
1175	729	1
1175	1033	1
1175	1228	1
1175	1098	1
1175	1256	1
1175	725	1
1175	1046	1
1175	749	1
1175	653	1
1175	1769	1
1175	80	1
1175	2157	1
1175	1386	1
1175	488	1
1175	1136	1
1175	842	1
1175	1488	1
1175	334	1
1175	741	1
1175	2361	1
1175	17	1
1175	373	1
1175	62	1
1175	1574	1
1175	2315	1
1175	603	1
1176	1633	1
1176	2169	1
1176	2409	1
1176	875	1
1176	1729	1
1176	1031	1
1176	470	1
1176	726	1
1176	105	1
1176	455	1
1176	1469	1
1176	446	1
1176	2027	1
1176	537	1
1176	1033	1
1176	294	1
1176	2417	1
1176	840	1
1176	1256	1
1176	1050	1
1176	1830	1
1176	299	1
1176	1253	1
1176	303	1
1176	1907	1
1176	1868	1
1176	1592	1
1176	371	1
1176	1235	1
1176	80	1
1176	1941	1
1176	2157	1
1176	2228	1
1176	899	1
1176	307	1
1176	1159	1
1176	1109	1
1176	712	1
1176	1254	1
1176	1978	1
1176	60	1
1176	379	1
1176	1019	1
1176	741	1
1176	1744	1
1176	2038	1
1176	2304	1
1176	181	1
1176	17	1
1176	1581	1
1176	1446	1
1176	62	1
1176	438	1
1176	2375	1
1176	1677	1
1176	1274	1
1176	686	1
1176	439	1
1176	38	1
1177	2169	1
1177	255	1
1177	2347	1
1177	1033	1
1177	1686	1
1177	467	1
1177	1098	1
1177	1204	1
1177	1253	1
1177	303	1
1177	653	1
1177	567	1
1177	2157	1
1177	3	1
1177	1540	1
1177	499	1
1177	784	1
1177	22	1
1177	1557	1
1177	842	1
1177	741	1
1177	2304	1
1177	24	1
1177	62	1
1177	1458	1
1177	438	1
1177	2216	1
1177	2119	1
1177	2293	1
1178	1469	1
1178	2347	1
1178	1686	1
1178	1739	1
1178	1374	1
1178	1204	1
1178	653	1
1178	741	1
1178	506	1
1178	1883	1
1179	1101	1
1179	785	1
1179	1875	1
1179	875	1
1179	1232	1
1179	967	1
1179	1236	1
1179	537	1
1179	684	1
1179	2231	1
1179	1830	1
1179	468	1
1179	2090	1
1179	1941	1
1179	2157	1
1179	1540	1
1179	842	1
1179	334	1
1179	49	1
1179	62	1
1179	2216	1
1180	1797	1
1180	785	1
1180	255	1
1180	875	1
1180	1232	1
1180	967	1
1180	1236	1
1180	2347	1
1180	684	1
1180	2231	1
1180	1568	1
1180	1425	1
1180	1253	1
1180	749	1
1180	1941	1
1180	842	1
1180	334	1
1180	741	1
1180	49	1
1180	247	1
1180	62	1
1180	1458	1
1180	438	1
1180	2216	1
1181	2169	1
1181	2052	1
1181	1935	1
1181	1686	1
1181	1050	1
1181	1253	1
1181	753	1
1181	1160	1
1181	842	1
1181	934	1
1181	1242	1
1181	62	1
1182	2169	1
1182	255	1
1182	2247	1
1182	922	1
1182	875	1
1182	1729	1
1182	281	1
1182	614	1
1182	2079	1
1182	455	1
1182	560	1
1182	2024	1
1182	2347	1
1182	537	1
1182	698	1
1182	1228	1
1182	0	1
1182	1050	1
1182	867	1
1182	2189	1
1182	591	1
1182	557	1
1182	2066	1
1182	80	1
1182	1941	1
1182	364	1
1182	1088	1
1182	712	1
1182	208	1
1182	611	1
1182	741	1
1182	1744	1
1182	1303	1
1182	1783	1
1182	62	1
1182	1920	1
1182	680	1
1183	1469	1
1183	3	1
1183	784	1
1183	1386	1
1184	865	1
1184	1469	1
1184	2347	1
1184	1686	1
1184	1253	1
1184	784	1
1184	1386	1
1184	62	1
1185	1797	1
1185	1875	1
1185	255	1
1185	875	1
1185	675	1
1185	655	1
1185	2347	1
1185	1033	1
1185	1686	1
1185	1228	1
1185	1098	1
1185	1830	1
1185	1253	1
1185	867	1
1185	567	1
1185	1941	1
1185	2369	1
1185	784	1
1185	348	1
1185	539	1
1185	842	1
1185	741	1
1185	427	1
1185	1783	1
1185	17	1
1185	62	1
1185	1458	1
1185	438	1
1185	535	1
1186	1266	1
1186	2264	1
1186	2169	1
1186	255	1
1186	1002	1
1186	2239	1
1186	1686	1
1186	36	1
1186	1881	1
1186	1374	1
1186	116	1
1186	1050	1
1186	2319	1
1186	867	1
1186	653	1
1186	1514	1
1186	2097	1
1186	558	1
1186	557	1
1186	1213	1
1186	1738	1
1186	54	1
1186	1908	1
1186	611	1
1186	2381	1
1186	20	1
1186	563	1
1186	733	1
1186	1807	1
1186	2334	1
1186	801	1
1186	1104	1
1186	2014	1
1186	2105	1
1186	1066	1
1186	2341	1
1186	2307	1
1187	1729	1
1187	1232	1
1187	333	1
1187	537	1
1187	1686	1
1187	0	1
1187	1204	1
1187	1050	1
1187	867	1
1187	303	1
1187	653	1
1187	1160	1
1187	1941	1
1187	842	1
1187	159	1
1187	654	1
1187	2216	1
1188	1119	1
1188	1875	1
1188	255	1
1188	1641	1
1188	906	1
1188	2403	1
1188	390	1
1188	2347	1
1188	1686	1
1188	1228	1
1188	1098	1
1188	1204	1
1188	1253	1
1188	749	1
1188	2312	1
1188	653	1
1188	612	1
1188	954	1
1188	1488	1
1188	741	1
1188	17	1
1188	62	1
1188	309	1
1188	1945	1
1188	917	1
1188	2232	1
1188	2325	1
1188	2345	1
1189	1119	1
1189	255	1
1189	1232	1
1189	809	1
1189	333	1
1189	303	1
1189	749	1
1189	653	1
1189	1941	1
1189	2019	1
1189	1088	1
1189	741	1
1189	159	1
1189	654	1
1189	438	1
1189	572	1
1190	1232	1
1190	2347	1
1190	467	1
1190	1050	1
1190	1941	1
1190	741	1
1190	2216	1
1191	1875	1
1191	1232	1
1191	2347	1
1191	1686	1
1191	1941	1
1191	2216	1
1192	1232	1
1192	333	1
1192	2347	1
1192	1941	1
1192	784	1
1192	1386	1
1192	2216	1
1193	1875	1
1193	2409	1
1193	1729	1
1193	333	1
1193	1469	1
1193	2347	1
1193	1033	1
1193	1253	1
1193	1941	1
1193	2157	1
1193	741	1
1193	2304	1
1193	1581	1
1193	438	1
1193	1104	1
1194	2169	1
1194	2347	1
1194	1050	1
1194	1830	1
1194	303	1
1194	653	1
1194	17	1
1195	989	1
1195	875	1
1195	1469	1
1195	2347	1
1195	1033	1
1195	1021	1
1195	1204	1
1195	27	1
1195	867	1
1195	303	1
1195	612	1
1195	2092	1
1195	307	1
1195	1088	1
1195	784	1
1195	842	1
1195	1302	1
1195	334	1
1195	741	1
1195	2361	1
1195	533	1
1195	62	1
1195	808	1
1196	626	1
1196	1101	1
1196	1875	1
1196	875	1
1196	1763	1
1196	1232	1
1196	1694	1
1196	537	1
1196	547	1
1196	1059	1
1196	1075	1
1196	874	1
1196	925	1
1196	1253	1
1196	200	1
1196	284	1
1196	867	1
1196	303	1
1196	653	1
1196	91	1
1196	2317	1
1196	129	1
1196	1941	1
1196	2157	1
1196	569	1
1196	1231	1
1196	921	1
1196	120	1
1196	1109	1
1196	1471	1
1196	112	1
1196	1956	1
1196	842	1
1196	1744	1
1196	2304	1
1196	256	1
1196	1242	1
1196	736	1
1196	535	1
1196	1071	1
1196	2119	1
1196	2293	1
1196	1530	1
1196	1512	1
1197	1797	1
1197	1403	1
1197	1633	1
1197	1101	1
1197	642	1
1197	50	1
1197	816	1
1197	2409	1
1197	922	1
1197	875	1
1197	1729	1
1197	1236	1
1197	2052	1
1197	1191	1
1197	537	1
1197	415	1
1197	467	1
1197	1925	1
1197	1390	1
1197	684	1
1197	1059	1
1197	2180	1
1197	1374	1
1197	2386	1
1197	1256	1
1197	919	1
1197	1808	1
1197	1253	1
1197	303	1
1197	1955	1
1197	2189	1
1197	749	1
1197	1215	1
1197	653	1
1197	2317	1
1197	125	1
1197	2090	1
1197	2282	1
1197	1895	1
1197	567	1
1197	1160	1
1197	954	1
1197	1941	1
1197	996	1
1197	1357	1
1197	569	1
1197	986	1
1197	9	1
1197	98	1
1197	1063	1
1197	1258	1
1197	442	1
1197	208	1
1197	225	1
1197	2051	1
1197	379	1
1197	1488	1
1197	334	1
1197	741	1
1197	2361	1
1197	2059	1
1197	1303	1
1197	1218	1
1197	326	1
1197	373	1
1197	62	1
1197	347	1
1197	1458	1
1197	2216	1
1197	1690	1
1198	1797	1
1198	1875	1
1198	2169	1
1198	922	1
1198	333	1
1198	1686	1
1198	1042	1
1198	1204	1
1198	1050	1
1198	2267	1
1198	1253	1
1198	867	1
1198	303	1
1198	749	1
1198	2137	1
1198	1866	1
1198	573	1
1198	98	1
1198	1063	1
1198	1860	1
1198	1956	1
1198	842	1
1198	741	1
1198	206	1
1198	1736	1
1198	49	1
1198	17	1
1198	256	1
1198	1458	1
1198	1771	1
1198	2230	1
1198	2119	1
1198	1426	1
1199	1797	1
1199	1831	1
1199	1875	1
1199	255	1
1199	143	1
1199	2409	1
1199	922	1
1199	875	1
1199	560	1
1199	2347	1
1199	537	1
1199	729	1
1199	525	1
1199	1686	1
1199	1644	1
1199	1374	1
1199	651	1
1199	926	1
1199	314	1
1199	1830	1
1199	1425	1
1199	149	1
1199	1253	1
1199	303	1
1199	2137	1
1199	653	1
1199	781	1
1199	2317	1
1199	125	1
1199	1769	1
1199	776	1
1199	1156	1
1199	1841	1
1199	2157	1
1199	2146	1
1199	529	1
1199	1357	1
1199	569	1
1199	488	1
1199	352	1
1199	68	1
1199	9	1
1199	442	1
1199	208	1
1199	724	1
1199	379	1
1199	842	1
1199	1488	1
1199	132	1
1199	334	1
1199	206	1
1199	159	1
1199	563	1
1199	1736	1
1199	1303	1
1199	1218	1
1199	2198	1
1199	459	1
1199	373	1
1199	29	1
1199	1458	1
1199	309	1
1199	2216	1
1199	1412	1
1199	1826	1
1199	2349	1
1199	1690	1
1199	489	1
1199	1372	1
1199	1426	1
1200	1087	1
1200	1875	1
1200	1413	1
1200	1686	1
1200	1059	1
1200	10	1
1200	1204	1
1200	1949	1
1200	2319	1
1200	303	1
1200	1625	1
1200	1893	1
1200	749	1
1200	1514	1
1200	553	1
1200	2282	1
1200	1234	1
1200	2007	1
1200	205	1
1200	2127	1
1200	2157	1
1200	996	1
1200	2342	1
1200	842	1
1200	741	1
1200	2266	1
1200	17	1
1200	1807	1
1200	2014	1
1200	1411	1
1201	2264	1
1201	255	1
1201	2347	1
1201	1059	1
1201	1204	1
1201	2319	1
1201	303	1
1201	1893	1
1201	749	1
1201	145	1
1201	553	1
1201	2282	1
1201	1234	1
1201	412	1
1201	2007	1
1201	205	1
1201	2127	1
1201	996	1
1201	559	1
1201	1353	1
1201	1908	1
1201	731	1
1201	892	1
1201	842	1
1201	1206	1
1201	20	1
1201	17	1
1201	326	1
1201	1807	1
1201	736	1
1201	1177	1
1201	2014	1
1202	1797	1
1202	937	1
1202	2409	1
1202	2347	1
1202	1390	1
1202	842	1
1202	741	1
1202	17	1
1202	373	1
1202	62	1
1203	875	1
1203	675	1
1203	1686	1
1203	684	1
1203	867	1
1203	2383	1
1203	1149	1
1203	954	1
1203	2157	1
1203	1851	1
1203	334	1
1203	17	1
1203	62	1
1203	272	1
1203	2216	1
1204	2205	1
1204	875	1
1204	455	1
1204	1686	1
1204	684	1
1204	1253	1
1204	2383	1
1204	842	1
1204	741	1
1204	272	1
1205	1797	1
1205	1101	1
1205	875	1
1205	807	1
1205	1686	1
1205	1374	1
1205	1256	1
1205	2184	1
1205	1253	1
1205	303	1
1205	343	1
1205	954	1
1205	1088	1
1205	842	1
1205	741	1
1205	1744	1
1205	62	1
1205	2216	1
1205	740	1
1206	783	1
1206	2409	1
1206	111	1
1206	675	1
1206	1469	1
1206	1033	1
1206	1686	1
1206	2180	1
1206	1374	1
1206	2162	1
1206	2390	1
1206	1253	1
1206	303	1
1206	2383	1
1206	794	1
1206	954	1
1206	115	1
1206	616	1
1206	842	1
1206	113	1
1206	334	1
1206	1736	1
1206	373	1
1206	202	1
1207	1797	1
1207	1101	1
1207	1875	1
1207	2409	1
1207	922	1
1207	1232	1
1207	455	1
1207	1469	1
1207	1236	1
1207	2347	1
1207	518	1
1207	767	1
1207	10	1
1207	1228	1
1207	835	1
1207	1098	1
1207	1204	1
1207	952	1
1207	919	1
1207	456	1
1207	1277	1
1207	303	1
1207	1893	1
1207	145	1
1207	653	1
1207	468	1
1207	1150	1
1207	936	1
1207	56	1
1207	148	1
1207	794	1
1207	2106	1
1207	2157	1
1207	307	1
1207	499	1
1207	573	1
1207	379	1
1207	842	1
1207	741	1
1207	206	1
1207	20	1
1207	2266	1
1207	1537	1
1207	49	1
1207	2198	1
1207	1915	1
1207	17	1
1207	326	1
1207	62	1
1207	693	1
1207	736	1
1207	2014	1
1208	333	1
1208	1145	1
1208	1999	1
1208	303	1
1208	749	1
1208	653	1
1208	367	1
1208	557	1
1208	794	1
1208	612	1
1208	567	1
1208	1235	1
1208	115	1
1208	2157	1
1208	1088	1
1208	842	1
1208	741	1
1208	2361	1
1208	654	1
1208	1915	1
1208	17	1
1209	875	1
1209	1033	1
1209	684	1
1209	1253	1
1209	334	1
1209	741	1
1209	62	1
1209	2017	1
1210	937	1
1210	2092	1
1210	240	1
1210	1088	1
1210	1557	1
1210	334	1
1210	741	1
1210	396	1
1211	1243	1
1211	783	1
1211	785	1
1211	433	1
1211	1232	1
1211	1469	1
1211	2347	1
1211	807	1
1211	1033	1
1211	1228	1
1211	1374	1
1211	1098	1
1211	1653	1
1211	2231	1
1211	919	1
1211	1830	1
1211	749	1
1211	653	1
1211	1514	1
1211	2080	1
1211	954	1
1211	240	1
1211	2088	1
1211	334	1
1211	741	1
1211	62	1
1211	2112	1
1211	572	1
1211	1794	1
1212	1469	1
1212	1103	1
1212	1256	1
1212	1769	1
1212	954	1
1212	1131	1
1212	728	1
1212	1088	1
1212	842	1
1212	334	1
1212	1009	1
1213	2186	1
1213	1720	1
1213	1686	1
1213	684	1
1213	1103	1
1213	1253	1
1213	2416	1
1213	2383	1
1213	81	1
1213	339	1
1213	682	1
1213	3	1
1213	1540	1
1213	784	1
1213	842	1
1213	17	1
1213	1290	1
1213	535	1
1214	2132	1
1214	1232	1
1214	1787	1
1214	1033	1
1214	1686	1
1214	1925	1
1214	1374	1
1214	1103	1
1214	954	1
1214	1941	1
1214	62	1
1214	917	1
1215	937	1
1215	508	1
1215	1232	1
1215	1469	1
1215	1686	1
1215	467	1
1215	684	1
1215	1402	1
1215	1374	1
1215	1103	1
1215	152	1
1215	285	1
1215	912	1
1215	682	1
1215	954	1
1215	2157	1
1215	2146	1
1215	307	1
1215	1282	1
1215	1991	1
1215	842	1
1215	2123	1
1215	279	1
1215	124	1
1215	2216	1
1215	1677	1
1215	1810	1
1215	1426	1
1216	875	1
1216	525	1
1216	1686	1
1216	1374	1
1216	1425	1
1216	1769	1
1216	1503	1
1216	682	1
1216	954	1
1216	1941	1
1216	1557	1
1216	842	1
1216	741	1
1216	62	1
1216	438	1
1217	1380	1
1217	1769	1
1217	980	1
1217	1700	1
1217	1518	1
1217	1687	1
1217	1852	1
1218	989	1
1218	1119	1
1218	1875	1
1218	887	1
1218	1711	1
1218	333	1
1218	455	1
1218	1469	1
1218	2347	1
1218	698	1
1218	684	1
1218	1374	1
1218	1204	1
1218	314	1
1218	1256	1
1218	2184	1
1218	483	1
1218	653	1
1218	794	1
1218	1501	1
1218	1088	1
1218	438	1
1218	2216	1
1218	1287	1
1219	937	1
1219	1875	1
1219	1711	1
1219	333	1
1219	675	1
1219	455	1
1219	1469	1
1219	1686	1
1219	684	1
1219	2321	1
1219	1204	1
1219	314	1
1219	1256	1
1219	2184	1
1219	1253	1
1219	2383	1
1219	483	1
1219	395	1
1219	794	1
1219	1088	1
1219	17	1
1219	62	1
1219	438	1
1219	2216	1
1220	1232	1
1220	1845	1
1220	757	1
1220	1260	1
1220	1936	1
1221	2169	1
1221	2377	1
1221	1232	1
1221	333	1
1221	1469	1
1221	1033	1
1221	467	1
1221	1059	1
1221	2163	1
1221	1228	1
1221	1098	1
1221	1050	1
1221	599	1
1221	1936	1
1221	602	1
1221	3	1
1221	1540	1
1221	364	1
1221	1208	1
1221	2299	1
1221	1063	1
1221	1956	1
1221	1744	1
1221	2065	1
1221	2304	1
1221	1398	1
1221	62	1
1221	1776	1
1221	1529	1
1221	38	1
1222	1729	1
1222	115	1
1223	989	1
1223	1910	1
1223	1875	1
1223	2409	1
1223	875	1
1223	333	1
1223	1469	1
1223	2347	1
1223	537	1
1223	1033	1
1223	1686	1
1223	467	1
1223	10	1
1223	1374	1
1223	1098	1
1223	0	1
1223	2231	1
1223	1204	1
1223	1570	1
1223	314	1
1223	2184	1
1223	1830	1
1223	1253	1
1223	2130	1
1223	867	1
1223	395	1
1223	217	1
1223	1046	1
1223	841	1
1223	1818	1
1223	472	1
1223	1769	1
1223	1979	1
1223	190	1
1223	954	1
1223	1941	1
1223	1357	1
1223	240	1
1223	1620	1
1223	499	1
1223	1109	1
1223	573	1
1223	146	1
1223	683	1
1223	348	1
1223	225	1
1223	842	1
1223	741	1
1223	206	1
1223	2266	1
1223	1736	1
1223	1783	1
1223	247	1
1223	1242	1
1223	2016	1
1223	572	1
1223	1776	1
1223	535	1
1224	1119	1
1224	1101	1
1224	875	1
1224	1003	1
1224	1232	1
1224	2347	1
1224	1686	1
1224	684	1
1224	1228	1
1224	1103	1
1224	1653	1
1224	2231	1
1224	314	1
1224	907	1
1224	395	1
1224	125	1
1224	1769	1
1224	190	1
1224	80	1
1224	954	1
1224	1941	1
1224	307	1
1224	1088	1
1224	1109	1
1224	1019	1
1224	334	1
1224	741	1
1224	373	1
1224	1242	1
1224	62	1
1224	2112	1
1224	438	1
1224	572	1
1224	1776	1
1224	1794	1
1224	1426	1
1225	2186	1
1225	875	1
1225	1694	1
1225	1050	1
1225	125	1
1225	569	1
1225	1109	1
1225	98	1
1225	1585	1
1225	611	1
1225	842	1
1225	2413	1
1225	373	1
1225	1581	1
1225	2161	1
1225	62	1
1225	2216	1
1226	1101	1
1226	2169	1
1226	333	1
1226	537	1
1226	525	1
1226	1686	1
1226	1050	1
1226	1253	1
1226	190	1
1226	1941	1
1226	842	1
1226	2158	1
1226	1520	1
1226	2307	1
1227	333	1
1227	1469	1
1227	1033	1
1227	1686	1
1227	1925	1
1227	684	1
1227	1228	1
1227	1374	1
1227	2231	1
1227	1204	1
1227	1050	1
1227	303	1
1227	653	1
1227	1941	1
1227	898	1
1227	1088	1
1227	741	1
1227	62	1
1227	1776	1
1228	333	1
1228	1469	1
1228	1236	1
1228	2347	1
1228	684	1
1228	1204	1
1228	217	1
1228	1979	1
1228	2157	1
1228	2299	1
1228	1063	1
1228	842	1
1228	792	1
1228	62	1
1228	2017	1
1228	438	1
1229	1797	1
1229	1101	1
1229	1875	1
1229	853	1
1229	967	1
1229	1236	1
1229	1686	1
1229	1204	1
1229	1050	1
1229	1425	1
1229	2130	1
1229	867	1
1229	2419	1
1229	653	1
1229	591	1
1229	1979	1
1229	1160	1
1229	1941	1
1229	2157	1
1229	1088	1
1229	2051	1
1229	334	1
1229	741	1
1229	2279	1
1229	1242	1
1229	62	1
1230	2377	1
1230	1694	1
1230	729	1
1230	2163	1
1230	0	1
1230	1941	1
1231	2163	1
1231	1050	1
1231	190	1
1232	1633	1
1232	1421	1
1232	1998	1
1232	1772	1
1232	698	1
1232	2321	1
1232	1204	1
1232	205	1
1232	129	1
1232	334	1
1232	62	1
1233	333	1
1233	1575	1
1233	1540	1
1233	741	1
1234	1575	1
1234	1540	1
1234	741	1
1235	1119	1
1235	2347	1
1235	1204	1
1235	653	1
1235	1575	1
1235	129	1
1235	1540	1
1235	741	1
1235	1564	1
1235	62	1
1235	917	1
1236	1686	1
1236	1575	1
1236	1941	1
1236	842	1
1236	741	1
1236	1071	1
1237	1575	1
1237	1071	1
1238	1119	1
1238	1875	1
1238	1938	1
1238	1204	1
1238	653	1
1238	1575	1
1238	17	1
1238	1071	1
1239	1119	1
1239	303	1
1239	741	1
1239	917	1
1239	1071	1
1240	2347	1
1240	1204	1
1240	653	1
1240	1575	1
1240	954	1
1240	917	1
1240	1071	1
1241	1228	1
1241	297	1
1241	1575	1
1241	1540	1
1241	1052	1
1241	741	1
1242	1232	1
1242	333	1
1242	2347	1
1242	1942	1
1242	698	1
1242	1653	1
1242	303	1
1242	653	1
1242	2092	1
1242	1941	1
1242	712	1
1242	611	1
1242	842	1
1243	1694	1
1243	251	1
1243	749	1
1243	1941	1
1243	996	1
1243	2088	1
1243	2294	1
1243	611	1
1243	842	1
1243	741	1
1243	2266	1
1243	1218	1
1243	247	1
1243	1242	1
1243	1287	1
1244	255	1
1244	333	1
1244	1686	1
1244	1949	1
1244	1425	1
1244	653	1
1244	485	1
1244	2092	1
1244	1393	1
1244	842	1
1244	334	1
1244	741	1
1244	17	1
1244	1242	1
1244	62	1
1244	1049	1
1244	736	1
1244	1127	1
1244	1287	1
1245	1119	1
1245	2347	1
1245	1204	1
1245	1575	1
1245	842	1
1245	741	1
1246	2415	1
1246	255	1
1246	2347	1
1246	2298	1
1246	297	1
1246	1933	1
1246	1575	1
1246	1540	1
1247	1119	1
1247	333	1
1247	1938	1
1247	1253	1
1247	1575	1
1247	1540	1
1247	842	1
1247	741	1
1248	333	1
1248	1686	1
1248	1204	1
1248	749	1
1248	2157	1
1248	1540	1
1248	62	1
1248	917	1
1249	1101	1
1249	875	1
1249	333	1
1249	1562	1
1249	977	1
1249	537	1
1249	467	1
1249	1925	1
1249	2162	1
1249	1050	1
1249	1253	1
1249	303	1
1249	749	1
1249	557	1
1249	190	1
1249	1160	1
1249	1941	1
1249	1109	1
1249	842	1
1249	741	1
1249	1783	1
1249	2350	1
1249	736	1
1249	2216	1
1250	1421	1
1250	433	1
1250	720	1
1250	1748	1
1250	1232	1
1250	2347	1
1250	1804	1
1250	729	1
1250	467	1
1250	2298	1
1250	1228	1
1250	1098	1
1250	1653	1
1250	0	1
1250	2231	1
1250	919	1
1250	1172	1
1250	653	1
1250	813	1
1250	129	1
1250	954	1
1250	2053	1
1250	54	1
1250	712	1
1250	1557	1
1250	611	1
1250	842	1
1250	334	1
1250	741	1
1250	739	1
1250	247	1
1250	736	1
1250	917	1
1250	572	1
1250	1746	1
1251	1119	1
1251	1633	1
1251	1204	1
1251	747	1
1251	1575	1
1251	2208	1
1251	954	1
1251	1941	1
1251	1540	1
1251	1557	1
1251	842	1
1251	2303	1
1251	62	1
1251	917	1
1251	1287	1
1251	1426	1
1252	1910	1
1252	2264	1
1252	1633	1
1252	433	1
1252	255	1
1252	1232	1
1252	244	1
1252	2206	1
1252	1694	1
1252	2095	1
1252	729	1
1252	1686	1
1252	467	1
1252	1228	1
1252	1374	1
1252	1098	1
1252	1075	1
1252	0	1
1252	919	1
1252	2378	1
1252	2383	1
1252	1316	1
1252	1769	1
1252	557	1
1252	794	1
1252	190	1
1252	954	1
1252	1941	1
1252	996	1
1252	1557	1
1252	731	1
1252	842	1
1252	113	1
1252	741	1
1252	1736	1
1252	1967	1
1252	326	1
1252	373	1
1252	1242	1
1252	1287	1
1252	1677	1
1252	1746	1
1253	1050	1
1253	1046	1
1254	1119	1
1254	1686	1
1254	467	1
1254	653	1
1254	1941	1
1254	842	1
1254	1581	1
1254	917	1
1255	626	1
1255	1232	1
1255	622	1
1255	2360	1
1255	537	1
1255	1686	1
1255	1253	1
1255	1941	1
1255	569	1
1255	986	1
1255	741	1
1255	17	1
1255	62	1
1255	273	1
1256	1232	1
1256	333	1
1256	537	1
1256	1050	1
1256	1253	1
1256	303	1
1256	1046	1
1256	1941	1
1257	1003	1
1257	333	1
1257	1253	1
1257	867	1
1257	190	1
1257	2310	1
1257	1941	1
1257	569	1
1257	784	1
1257	842	1
1257	741	1
1257	17	1
1257	62	1
1258	1119	1
1258	1633	1
1258	1421	1
1258	1748	1
1258	1686	1
1258	1380	1
1258	1228	1
1258	2321	1
1258	1204	1
1258	749	1
1258	1172	1
1258	367	1
1258	129	1
1258	1168	1
1258	842	1
1258	334	1
1258	1736	1
1258	1218	1
1258	8	1
1258	1071	1
1258	2119	1
1259	1998	1
1259	1204	1
1259	1769	1
1259	1142	1
1259	2092	1
1259	129	1
1259	1540	1
1259	1956	1
1259	842	1
1259	2296	1
1259	1736	1
1259	256	1
1259	917	1
1259	1431	1
1260	875	1
1260	250	1
1260	1474	1
1260	2347	1
1260	1033	1
1260	1686	1
1260	1925	1
1260	684	1
1260	1253	1
1260	2383	1
1260	653	1
1260	1840	1
1260	1941	1
1260	334	1
1260	17	1
1260	62	1
1260	2216	1
1260	2057	1
1260	1677	1
1260	1426	1
1261	989	1
1261	2347	1
1261	1686	1
1261	1390	1
1261	1479	1
1261	1256	1
1261	1050	1
1261	1287	1
1262	1797	1
1262	1910	1
1262	1101	1
1262	1875	1
1262	255	1
1262	875	1
1262	887	1
1262	1232	1
1262	333	1
1262	455	1
1262	1694	1
1262	2347	1
1262	537	1
1262	174	1
1262	1033	1
1262	467	1
1262	2298	1
1262	1644	1
1262	1103	1
1262	1098	1
1262	1075	1
1262	2321	1
1262	116	1
1262	1050	1
1262	156	1
1262	1423	1
1262	1253	1
1262	2383	1
1262	653	1
1262	591	1
1262	1929	1
1262	190	1
1262	753	1
1262	129	1
1262	1941	1
1262	569	1
1262	379	1
1262	842	1
1262	1736	1
1262	49	1
1262	2350	1
1262	17	1
1262	62	1
1262	253	1
1262	1919	1
1262	2170	1
1262	917	1
1262	2216	1
1262	959	1
1262	1281	1
1262	2375	1
1262	1677	1
1262	1746	1
1262	2230	1
1262	603	1
1263	1050	1
1263	784	1
1263	1744	1
1263	1581	1
1264	937	1
1264	1633	1
1264	1101	1
1264	1748	1
1264	1232	1
1264	522	1
1264	1998	1
1264	537	1
1264	1686	1
1264	698	1
1264	509	1
1264	684	1
1264	1402	1
1264	1228	1
1264	104	1
1264	1374	1
1264	72	1
1264	1103	1
1264	2321	1
1264	1173	1
1264	1384	1
1264	1256	1
1264	1253	1
1264	303	1
1264	395	1
1264	274	1
1264	1955	1
1264	749	1
1264	1172	1
1264	1818	1
1264	1769	1
1264	369	1
1264	190	1
1264	3	1
1264	1540	1
1264	569	1
1264	1088	1
1264	712	1
1264	1254	1
1264	1578	1
1264	2343	1
1264	2414	1
1264	842	1
1264	1030	1
1264	334	1
1264	95	1
1264	938	1
1264	62	1
1264	8	1
1264	736	1
1264	917	1
1264	808	1
1264	1687	1
1264	2230	1
1264	1852	1
1265	2169	1
1265	50	1
1265	2409	1
1265	1232	1
1265	1238	1
1265	2347	1
1265	1033	1
1265	1686	1
1265	958	1
1265	1098	1
1265	1653	1
1265	303	1
1265	1841	1
1265	1386	1
1265	1109	1
1265	98	1
1265	348	1
1265	208	1
1265	842	1
1265	1744	1
1265	2304	1
1265	1552	1
1265	17	1
1265	438	1
1265	2216	1
1265	1880	1
1265	1776	1
1266	684	1
1266	1374	1
1266	1050	1
1266	80	1
1266	954	1
1266	842	1
1266	741	1
1266	1744	1
1266	1783	1
1267	875	1
1267	1925	1
1267	1065	1
1267	1253	1
1267	2092	1
1267	2157	1
1267	2402	1
1267	334	1
1267	62	1
1267	2216	1
1268	1469	1
1268	2092	1
1269	1711	1
1269	1517	1
1269	684	1
1269	395	1
1269	1769	1
1269	660	1
1269	2157	1
1269	1557	1
1269	2404	1
1269	842	1
1269	334	1
1269	1687	1
1270	1101	1
1270	2169	1
1270	433	1
1270	1232	1
1270	1694	1
1270	537	1
1270	2163	1
1270	1228	1
1270	1098	1
1270	1075	1
1270	1050	1
1270	749	1
1270	557	1
1270	1903	1
1270	190	1
1270	1887	1
1270	1941	1
1270	476	1
1270	902	1
1271	1797	1
1271	537	1
1271	1312	1
1271	1050	1
1271	1830	1
1271	225	1
1271	379	1
1271	842	1
1271	1488	1
1271	741	1
1271	373	1
1271	253	1
1272	937	1
1272	989	1
1272	1633	1
1272	875	1
1272	333	1
1272	2347	1
1272	1191	1
1272	729	1
1272	1033	1
1272	1935	1
1272	525	1
1272	1686	1
1272	2163	1
1272	314	1
1272	1256	1
1272	1830	1
1272	303	1
1272	1955	1
1272	749	1
1272	1215	1
1272	591	1
1272	1769	1
1272	369	1
1272	1160	1
1272	1941	1
1272	996	1
1272	842	1
1272	741	1
1272	1736	1
1272	2304	1
1272	1783	1
1272	17	1
1272	593	1
1272	30	1
1272	1426	1
1273	1101	1
1273	255	1
1273	2409	1
1273	333	1
1273	1469	1
1273	2347	1
1273	2052	1
1273	537	1
1273	1686	1
1273	1925	1
1273	698	1
1273	0	1
1273	1204	1
1273	314	1
1273	1050	1
1273	1830	1
1273	2130	1
1273	1046	1
1273	591	1
1273	1979	1
1273	794	1
1273	753	1
1273	1160	1
1273	2427	1
1273	2157	1
1273	1636	1
1273	898	1
1273	986	1
1273	454	1
1273	445	1
1273	2051	1
1273	379	1
1273	1488	1
1273	934	1
1273	373	1
1273	1242	1
1273	736	1
1273	2216	1
1274	1713	1
1274	1686	1
1274	1644	1
1274	1253	1
1274	954	1
1274	1856	1
1275	2186	1
1275	1875	1
1275	255	1
1275	1003	1
1275	2360	1
1275	1469	1
1275	1694	1
1275	1686	1
1275	467	1
1275	1925	1
1275	1374	1
1275	779	1
1275	1098	1
1275	651	1
1275	1543	1
1275	303	1
1275	749	1
1275	190	1
1275	1941	1
1275	712	1
1275	676	1
1275	308	1
1275	247	1
1275	373	1
1275	1919	1
1275	772	1
1275	635	1
1275	1498	1
1276	1101	1
1276	875	1
1276	1003	1
1276	1232	1
1276	2347	1
1276	537	1
1276	1686	1
1276	10	1
1276	835	1
1276	1075	1
1276	116	1
1276	1253	1
1276	2410	1
1276	1893	1
1276	591	1
1276	1933	1
1276	125	1
1276	2090	1
1276	753	1
1276	567	1
1276	1160	1
1276	682	1
1276	1941	1
1276	2157	1
1276	818	1
1276	996	1
1276	1353	1
1276	1088	1
1276	195	1
1276	1258	1
1276	731	1
1276	379	1
1276	842	1
1276	1019	1
1276	741	1
1276	1579	1
1276	62	1
1276	29	1
1276	2216	1
1276	808	1
1276	535	1
1276	902	1
1277	875	1
1277	455	1
1277	807	1
1277	684	1
1277	1568	1
1277	1253	1
1277	842	1
1277	741	1
1277	1744	1
1277	2304	1
1277	17	1
1277	1581	1
1277	62	1
1277	2216	1
1278	2169	1
1278	675	1
1278	455	1
1278	446	1
1278	2347	1
1278	2052	1
1278	537	1
1278	1312	1
1278	684	1
1278	1374	1
1278	1050	1
1278	1830	1
1278	1253	1
1278	867	1
1278	1898	1
1278	1160	1
1278	1941	1
1278	1540	1
1278	569	1
1278	784	1
1278	1386	1
1278	2051	1
1278	379	1
1278	842	1
1278	1488	1
1278	1744	1
1278	654	1
1278	1581	1
1278	62	1
1278	253	1
1278	1458	1
1278	2216	1
1279	537	1
1279	1686	1
1279	1374	1
1279	1253	1
1279	303	1
1279	842	1
1279	1488	1
1279	17	1
1280	333	1
1280	2360	1
1280	1033	1
1280	684	1
1280	1488	1
1280	2315	1
1281	2169	1
1281	455	1
1281	2347	1
1281	537	1
1281	1312	1
1281	684	1
1281	1261	1
1281	1050	1
1281	1830	1
1281	1253	1
1281	303	1
1281	1046	1
1281	749	1
1281	1941	1
1281	2157	1
1281	784	1
1281	842	1
1281	2304	1
1281	373	1
1281	1581	1
1281	62	1
1281	1458	1
1281	2216	1
1282	1101	1
1282	2169	1
1282	875	1
1282	1232	1
1282	333	1
1282	1694	1
1282	537	1
1282	684	1
1282	1256	1
1282	303	1
1282	125	1
1282	1936	1
1282	569	1
1282	784	1
1282	842	1
1282	741	1
1282	17	1
1282	373	1
1282	1581	1
1282	1242	1
1282	1458	1
1283	1797	1
1283	2169	1
1283	875	1
1283	1003	1
1283	333	1
1283	1694	1
1283	537	1
1283	1050	1
1283	1830	1
1283	867	1
1283	1046	1
1283	653	1
1283	591	1
1283	371	1
1283	1941	1
1283	569	1
1283	2051	1
1283	379	1
1283	1488	1
1283	334	1
1283	17	1
1283	1581	1
1283	1242	1
1283	62	1
1283	736	1
1284	626	1
1284	1101	1
1284	1232	1
1284	2360	1
1284	446	1
1284	537	1
1284	1312	1
1284	1374	1
1284	1204	1
1284	314	1
1284	1050	1
1284	1253	1
1284	303	1
1284	1046	1
1284	822	1
1284	1936	1
1284	569	1
1284	2435	1
1284	1109	1
1284	842	1
1284	334	1
1284	741	1
1284	1783	1
1284	17	1
1284	1242	1
1284	1652	1
1284	2443	1
1284	2216	1
1285	875	1
1285	560	1
1285	1686	1
1285	1253	1
1285	2092	1
1285	80	1
1285	1540	1
1285	569	1
1285	307	1
1285	1063	1
1285	442	1
1285	741	1
1285	1744	1
1285	2304	1
1285	17	1
1285	373	1
1285	62	1
1285	1458	1
1285	2443	1
1286	1797	1
1286	479	1
1286	110	1
1286	922	1
1286	875	1
1286	622	1
1286	1401	1
1286	1562	1
1286	2079	1
1286	2058	1
1286	560	1
1286	1236	1
1286	446	1
1286	487	1
1286	2104	1
1286	1686	1
1286	1629	1
1286	684	1
1286	2163	1
1286	337	1
1286	1653	1
1286	832	1
1286	1050	1
1286	1697	1
1286	1253	1
1286	1761	1
1286	867	1
1286	303	1
1286	749	1
1286	653	1
1286	472	1
1286	2097	1
1286	444	1
1286	557	1
1286	794	1
1286	1841	1
1286	1936	1
1286	1160	1
1286	2092	1
1286	80	1
1286	1941	1
1286	2285	1
1286	1540	1
1286	364	1
1286	679	1
1286	1179	1
1286	784	1
1286	1109	1
1286	1063	1
1286	969	1
1286	1956	1
1286	2051	1
1286	379	1
1286	842	1
1286	334	1
1286	1564	1
1286	889	1
1286	527	1
1286	2304	1
1286	1783	1
1286	17	1
1286	29	1
1286	1727	1
1286	1458	1
1286	494	1
1286	736	1
1286	2443	1
1286	1826	1
1286	902	1
1286	1746	1
1287	2169	1
1287	675	1
1287	446	1
1287	1686	1
1287	1050	1
1287	1253	1
1287	867	1
1287	2157	1
1287	784	1
1287	842	1
1287	741	1
1287	1744	1
1287	2304	1
1287	1581	1
1288	675	1
1288	446	1
1288	807	1
1288	684	1
1288	1253	1
1288	303	1
1288	2383	1
1288	468	1
1288	2157	1
1288	3	1
1288	1540	1
1288	348	1
1288	741	1
1288	1744	1
1289	479	1
1289	1633	1
1289	1174	1
1289	1469	1
1289	2347	1
1289	1374	1
1289	1098	1
1289	1204	1
1289	749	1
1289	468	1
1289	2092	1
1289	1941	1
1289	1094	1
1289	842	1
1289	49	1
1289	17	1
1289	62	1
1289	1766	1
1289	1987	1
1289	1426	1
1290	2186	1
1290	1101	1
1290	2169	1
1290	622	1
1290	675	1
1290	1694	1
1290	2347	1
1290	537	1
1290	1686	1
1290	1228	1
1290	1204	1
1290	1256	1
1290	1050	1
1290	1253	1
1290	303	1
1290	1215	1
1290	653	1
1290	557	1
1290	80	1
1290	1941	1
1290	1540	1
1290	569	1
1290	348	1
1290	1488	1
1290	334	1
1290	1783	1
1290	736	1
1290	1766	1
1290	126	1
1291	675	1
1291	303	1
1291	80	1
1291	1540	1
1291	442	1
1291	334	1
1291	24	1
1291	373	1
1291	1071	1
1292	1797	1
1292	2169	1
1292	255	1
1292	875	1
1292	446	1
1292	2347	1
1292	2104	1
1292	729	1
1292	1686	1
1292	684	1
1292	1374	1
1292	1204	1
1292	1050	1
1292	1253	1
1292	749	1
1292	794	1
1292	2157	1
1292	996	1
1292	1540	1
1292	569	1
1292	1386	1
1292	1109	1
1292	348	1
1292	379	1
1292	1744	1
1292	2304	1
1292	17	1
1292	62	1
1292	1652	1
1292	29	1
1292	736	1
1292	2443	1
1292	535	1
1293	1797	1
1293	2169	1
1293	50	1
1293	2409	1
1293	333	1
1293	243	1
1293	537	1
1293	1686	1
1293	1312	1
1293	684	1
1293	1830	1
1293	746	1
1293	78	1
1293	986	1
1293	784	1
1293	842	1
1293	1488	1
1293	334	1
1293	62	1
1293	917	1
1293	1342	1
1293	603	1
1294	446	1
1294	684	1
1294	1256	1
1294	1253	1
1294	749	1
1294	2157	1
1294	1540	1
1294	784	1
1294	379	1
1294	334	1
1294	741	1
1294	373	1
1294	62	1
1294	535	1
1294	1342	1
1295	1797	1
1295	1633	1
1295	1875	1
1295	2169	1
1295	243	1
1295	1469	1
1295	1236	1
1295	446	1
1295	1686	1
1295	684	1
1295	1374	1
1295	2321	1
1295	1050	1
1295	1830	1
1295	1253	1
1295	2383	1
1295	746	1
1295	753	1
1295	2157	1
1295	307	1
1295	784	1
1295	225	1
1295	2051	1
1295	842	1
1295	132	1
1295	334	1
1295	1744	1
1295	8	1
1295	736	1
1295	2216	1
1295	535	1
1295	1342	1
1295	603	1
1296	1797	1
1296	1633	1
1296	50	1
1296	875	1
1296	333	1
1296	1469	1
1296	1694	1
1296	2347	1
1296	1686	1
1296	1312	1
1296	684	1
1296	1204	1
1296	1050	1
1296	749	1
1296	746	1
1296	78	1
1296	80	1
1296	2157	1
1296	1540	1
1296	379	1
1296	842	1
1296	334	1
1296	741	1
1296	2304	1
1296	62	1
1296	253	1
1296	736	1
1296	917	1
1296	535	1
1296	603	1
1297	989	1
1297	2409	1
1297	875	1
1297	333	1
1297	243	1
1297	1469	1
1297	446	1
1297	2347	1
1297	1686	1
1297	1925	1
1297	1256	1
1297	1830	1
1297	1253	1
1297	749	1
1297	591	1
1297	1941	1
1297	2157	1
1297	307	1
1297	1254	1
1297	838	1
1297	2051	1
1297	379	1
1297	334	1
1297	1744	1
1297	736	1
1297	535	1
1298	1797	1
1298	2132	1
1298	2169	1
1298	50	1
1298	333	1
1298	243	1
1298	446	1
1298	537	1
1298	1312	1
1298	684	1
1298	1830	1
1298	749	1
1298	2157	1
1298	1636	1
1298	986	1
1298	2051	1
1298	842	1
1298	1488	1
1298	132	1
1298	334	1
1298	1744	1
1298	373	1
1298	1581	1
1298	62	1
1298	253	1
1298	736	1
1298	535	1
1299	1232	1
1299	1050	1
1299	1941	1
1300	1875	1
1300	255	1
1300	967	1
1300	1236	1
1300	2347	1
1300	1686	1
1300	1374	1
1300	1253	1
1300	741	1
1300	17	1
1300	62	1
1301	989	1
1301	1910	1
1301	1891	1
1301	1101	1
1301	865	1
1301	1875	1
1301	508	1
1301	875	1
1301	1003	1
1301	1469	1
1301	967	1
1301	1236	1
1301	1694	1
1301	2347	1
1301	2095	1
1301	537	1
1301	1686	1
1301	467	1
1301	698	1
1301	1374	1
1301	1103	1
1301	1204	1
1301	293	1
1301	919	1
1301	1830	1
1301	831	1
1301	1253	1
1301	303	1
1301	2383	1
1301	1769	1
1301	2090	1
1301	1160	1
1301	996	1
1301	1782	1
1301	1088	1
1301	334	1
1301	1736	1
1301	17	1
1301	1581	1
1301	1242	1
1301	1458	1
1301	2216	1
1301	2375	1
1302	875	1
1302	1469	1
1302	967	1
1302	684	1
1302	1103	1
1302	2231	1
1302	1253	1
1302	653	1
1302	2090	1
1302	741	1
1302	1736	1
1302	17	1
1302	1458	1
1302	2216	1
1303	1729	1
1303	1232	1
1303	455	1
1303	2347	1
1303	1686	1
1303	1374	1
1303	749	1
1303	1941	1
1303	842	1
1303	17	1
1303	62	1
1303	2216	1
1304	1797	1
1304	734	1
1304	807	1
1304	1686	1
1304	684	1
1304	1253	1
1304	653	1
1304	1149	1
1304	954	1
1304	2404	1
1304	842	1
1304	741	1
1304	1914	1
1304	49	1
1304	181	1
1304	1458	1
1304	1426	1
1305	334	1
1305	1677	1
1305	2119	1
1306	1875	1
1306	875	1
1306	1232	1
1306	333	1
1306	2347	1
1306	537	1
1306	1686	1
1306	467	1
1306	1925	1
1306	1228	1
1306	1374	1
1306	1050	1
1306	1253	1
1306	749	1
1306	557	1
1306	1941	1
1306	842	1
1306	741	1
1306	1614	1
1306	17	1
1306	62	1
1306	2216	1
1307	1232	1
1307	1686	1
1307	1830	1
1307	1046	1
1307	842	1
1307	1488	1
1308	386	1
1308	479	1
1308	989	1
1308	1910	1
1308	875	1
1308	1763	1
1308	1003	1
1308	1232	1
1308	333	1
1308	1562	1
1308	2360	1
1308	560	1
1308	1469	1
1308	2024	1
1308	2347	1
1308	537	1
1308	1686	1
1308	467	1
1308	1228	1
1308	104	1
1308	1374	1
1308	1098	1
1308	1075	1
1308	1653	1
1308	0	1
1308	2162	1
1308	832	1
1308	1050	1
1308	1253	1
1308	881	1
1308	794	1
1308	190	1
1308	1941	1
1308	569	1
1308	1488	1
1308	741	1
1308	934	1
1308	1614	1
1308	2125	1
1308	1783	1
1308	2350	1
1308	247	1
1308	1242	1
1308	62	1
1308	1766	1
1308	1920	1
1308	53	1
1309	2206	1
1309	803	1
1309	919	1
1309	1893	1
1309	409	1
1309	2369	1
1310	1101	1
1310	1003	1
1310	333	1
1310	1562	1
1310	2347	1
1310	537	1
1310	1686	1
1310	1098	1
1310	2162	1
1310	1050	1
1310	749	1
1310	1088	1
1310	1348	1
1310	1614	1
1310	1242	1
1310	62	1
1310	736	1
1310	603	1
1310	2271	1
1311	875	1
1311	1236	1
1311	2347	1
1311	1686	1
1311	684	1
1311	1941	1
1311	842	1
1311	741	1
1311	62	1
1312	1875	1
1312	50	1
1312	1729	1
1312	1003	1
1312	1232	1
1312	809	1
1312	275	1
1312	1562	1
1312	2079	1
1312	675	1
1312	1236	1
1312	2024	1
1312	1694	1
1312	2347	1
1312	537	1
1312	1686	1
1312	1374	1
1312	1103	1
1312	1075	1
1312	2162	1
1312	1204	1
1312	1253	1
1312	749	1
1312	1316	1
1312	125	1
1312	2090	1
1312	557	1
1312	190	1
1312	753	1
1312	2092	1
1312	129	1
1312	2157	1
1312	499	1
1312	1088	1
1312	712	1
1312	611	1
1312	334	1
1312	741	1
1312	49	1
1312	181	1
1312	2350	1
1312	256	1
1312	1242	1
1312	62	1
1312	253	1
1312	808	1
1312	1746	1
1312	1920	1
1312	603	1
1312	1372	1
1312	1300	1
1313	875	1
1313	455	1
1313	2347	1
1313	684	1
1313	653	1
1313	682	1
1313	954	1
1313	307	1
1313	1557	1
1313	17	1
1313	62	1
1314	1797	1
1314	626	1
1314	386	1
1314	875	1
1314	1003	1
1314	1232	1
1314	1694	1
1314	525	1
1314	1686	1
1314	1059	1
1314	1098	1
1314	0	1
1314	952	1
1314	874	1
1314	1050	1
1314	1253	1
1314	749	1
1314	125	1
1314	753	1
1314	1941	1
1314	569	1
1314	1088	1
1314	1109	1
1314	348	1
1314	1488	1
1314	1783	1
1314	1624	1
1315	626	1
1315	1101	1
1315	875	1
1315	1232	1
1315	333	1
1315	537	1
1315	1374	1
1315	1568	1
1315	1253	1
1315	303	1
1315	1046	1
1315	591	1
1315	1160	1
1315	2157	1
1315	996	1
1315	569	1
1315	334	1
1315	741	1
1315	17	1
1315	62	1
1316	865	1
1316	1875	1
1316	2409	1
1316	1232	1
1316	333	1
1316	1469	1
1316	967	1
1316	1686	1
1316	10	1
1316	1881	1
1316	2044	1
1316	1204	1
1316	314	1
1316	919	1
1316	2319	1
1316	1830	1
1316	303	1
1316	1046	1
1316	749	1
1316	145	1
1316	1215	1
1316	369	1
1316	1941	1
1316	573	1
1316	348	1
1316	731	1
1316	842	1
1316	334	1
1316	934	1
1316	206	1
1316	2198	1
1316	17	1
1316	62	1
1316	2375	1
1317	1910	1
1317	1911	1
1317	1633	1
1317	2377	1
1317	634	1
1317	2347	1
1317	729	1
1317	467	1
1317	547	1
1317	1881	1
1317	1075	1
1317	2174	1
1317	1204	1
1317	1256	1
1317	1050	1
1317	303	1
1317	1955	1
1317	749	1
1317	1215	1
1317	2071	1
1317	369	1
1317	557	1
1317	794	1
1317	80	1
1317	996	1
1317	1085	1
1317	2370	1
1317	731	1
1317	929	1
1317	842	1
1317	934	1
1317	49	1
1317	17	1
1317	1581	1
1317	1287	1
1317	1776	1
1318	875	1
1318	684	1
1318	1215	1
1318	653	1
1318	369	1
1318	954	1
1318	842	1
1318	334	1
1319	1119	1
1319	255	1
1319	1938	1
1319	1575	1
1319	1564	1
1319	62	1
1319	1071	1
1319	1372	1
1320	1938	1
1320	2347	1
1320	1925	1
1320	1830	1
1320	1540	1
1320	1557	1
1320	842	1
1320	741	1
1321	989	1
1321	1470	1
1321	875	1
1321	333	1
1321	1686	1
1321	10	1
1321	1204	1
1321	303	1
1321	996	1
1321	842	1
1321	334	1
1321	741	1
1321	49	1
1321	62	1
1321	535	1
1322	1266	1
1322	1119	1
1322	255	1
1322	875	1
1322	809	1
1322	2121	1
1322	2360	1
1322	967	1
1322	1236	1
1322	2347	1
1322	537	1
1322	10	1
1322	1881	1
1322	1256	1
1322	2319	1
1322	1253	1
1322	303	1
1322	749	1
1322	145	1
1322	653	1
1322	125	1
1322	387	1
1322	412	1
1322	1941	1
1322	2402	1
1322	334	1
1322	20	1
1322	17	1
1322	62	1
1322	1458	1
1322	736	1
1322	2014	1
1322	904	1
1323	1421	1
1323	255	1
1323	1938	1
1323	2347	1
1323	1033	1
1323	1686	1
1323	467	1
1323	1228	1
1323	1098	1
1323	2321	1
1323	749	1
1323	1575	1
1323	129	1
1323	954	1
1323	1941	1
1323	1996	1
1323	842	1
1323	741	1
1323	1342	1
1323	1525	1
1324	1575	1
1324	1540	1
1324	917	1
1324	1071	1
1325	1421	1
1325	333	1
1325	2298	1
1325	1374	1
1325	1575	1
1325	1941	1
1325	2157	1
1325	1540	1
1325	1524	1
1325	712	1
1325	842	1
1325	741	1
1325	917	1
1325	1525	1
1326	1266	1
1326	941	1
1326	1087	1
1326	783	1
1326	2264	1
1326	50	1
1326	1232	1
1326	333	1
1326	2360	1
1326	1381	1
1326	1912	1
1326	851	1
1326	1925	1
1326	951	1
1326	10	1
1326	1204	1
1326	919	1
1326	1200	1
1326	11	1
1326	355	1
1326	2188	1
1326	1638	1
1326	1230	1
1326	303	1
1326	2383	1
1326	749	1
1326	145	1
1326	1514	1
1326	2243	1
1326	1575	1
1326	557	1
1326	1822	1
1326	1481	1
1326	590	1
1326	1941	1
1326	2157	1
1326	996	1
1326	2394	1
1326	790	1
1326	582	1
1326	1088	1
1326	1741	1
1326	895	1
1326	348	1
1326	741	1
1326	206	1
1326	2033	1
1326	527	1
1326	2266	1
1326	1783	1
1326	17	1
1326	1579	1
1326	62	1
1326	29	1
1326	1177	1
1326	966	1
1326	902	1
1327	626	1
1327	1119	1
1327	255	1
1327	1232	1
1327	333	1
1327	1938	1
1327	1033	1
1327	1374	1
1327	1050	1
1327	611	1
1327	842	1
1327	159	1
1327	1783	1
1327	247	1
1327	1776	1
1327	603	1
1327	1426	1
1328	2347	1
1328	684	1
1328	1261	1
1328	867	1
1328	530	1
1328	1769	1
1328	660	1
1328	682	1
1328	954	1
1328	571	1
1328	837	1
1328	1088	1
1328	1136	1
1328	1557	1
1328	842	1
1328	334	1
1328	960	1
1328	95	1
1328	151	1
1328	8	1
1328	736	1
1329	807	1
1329	1103	1
1329	2383	1
1329	2092	1
1329	1557	1
1329	842	1
1329	62	1
1330	333	1
1330	684	1
1330	362	1
1330	601	1
1330	27	1
1330	1253	1
1330	2356	1
1330	1656	1
1330	1302	1
1330	1269	1
1330	737	1
1330	741	1
1330	934	1
1330	2361	1
1330	805	1
1330	1062	1
1330	32	1
1330	533	1
1330	587	1
1330	916	1
1331	255	1
1331	720	1
1331	1469	1
1331	1694	1
1331	1033	1
1331	1686	1
1331	1402	1
1331	1228	1
1331	1098	1
1331	2231	1
1331	2321	1
1331	1173	1
1331	116	1
1331	200	1
1331	1721	1
1331	1172	1
1331	1335	1
1331	714	1
1331	334	1
1331	62	1
1331	2375	1
1332	1469	1
1332	1713	1
1332	1686	1
1332	1256	1
1332	1088	1
1332	1370	1
1332	2361	1
1332	533	1
1332	1049	1
1332	2216	1
1333	1852	1
1334	1633	1
1334	875	1
1334	1469	1
1334	2347	1
1334	1256	1
1334	1955	1
1334	1215	1
1334	954	1
1334	1601	1
1334	307	1
1334	842	1
1334	741	1
1334	49	1
1334	256	1
1334	62	1
1334	1342	1
1334	1465	1
1334	1856	1
1335	1935	1
1335	684	1
1335	1046	1
1335	499	1
1335	1052	1
1335	62	1
1335	134	1
1336	1469	1
1336	1713	1
1336	1228	1
1336	954	1
1336	1557	1
1336	334	1
1336	256	1
1336	2329	1
1336	1687	1
1337	1686	1
1337	1402	1
1337	1103	1
1337	2383	1
1337	954	1
1337	2157	1
1337	842	1
1337	334	1
1337	1746	1
1338	882	1
1338	875	1
1338	684	1
1338	94	1
1338	27	1
1338	122	1
1338	1190	1
1338	1269	1
1338	737	1
1338	2361	1
1338	805	1
1338	1365	1
1338	533	1
1339	875	1
1339	446	1
1339	1253	1
1339	867	1
1339	1386	1
1339	1557	1
1339	1744	1
1339	62	1
1339	2216	1
1340	675	1
1340	455	1
1340	2376	1
1340	698	1
1340	684	1
1340	2267	1
1340	867	1
1340	2393	1
1340	80	1
1340	784	1
1340	1136	1
1340	842	1
1340	737	1
1340	334	1
1340	741	1
1340	2361	1
1340	805	1
1341	684	1
1342	684	1
1342	1801	1
1342	1172	1
1342	954	1
1342	1540	1
1342	1557	1
1342	842	1
1342	2119	1
1343	875	1
1343	1469	1
1343	684	1
1343	1228	1
1343	1103	1
1343	1043	1
1343	1557	1
1343	334	1
1343	741	1
1343	2304	1
1343	49	1
1343	256	1
1343	373	1
1343	62	1
1343	30	1
1344	1686	1
1344	1043	1
1344	395	1
1344	1676	1
1344	784	1
1344	1557	1
1344	741	1
1344	2304	1
1344	49	1
1344	62	1
1344	2119	1
1345	1792	1
1345	1633	1
1345	875	1
1345	333	1
1345	614	1
1345	390	1
1345	227	1
1345	1686	1
1345	684	1
1345	1228	1
1345	1999	1
1345	1103	1
1345	1021	1
1345	1256	1
1345	2238	1
1345	2267	1
1345	27	1
1345	1253	1
1345	867	1
1345	1955	1
1345	933	1
1345	2312	1
1345	1215	1
1345	653	1
1345	1769	1
1345	1221	1
1345	2397	1
1345	21	1
1345	954	1
1345	1941	1
1345	2157	1
1345	240	1
1345	499	1
1345	1088	1
1345	784	1
1345	717	1
1345	712	1
1345	1254	1
1345	2343	1
1345	1019	1
1345	1269	1
1345	334	1
1345	741	1
1345	762	1
1345	2361	1
1345	805	1
1345	533	1
1345	62	1
1345	1008	1
1345	587	1
1345	2216	1
1345	30	1
1345	916	1
1346	1469	1
1346	1713	1
1346	1033	1
1346	1686	1
1346	297	1
1346	653	1
1346	954	1
1346	373	1
1346	62	1
1346	2017	1
1347	875	1
1347	1686	1
1347	653	1
1347	954	1
1347	307	1
1347	842	1
1347	741	1
1347	49	1
1348	2186	1
1348	1050	1
1348	1277	1
1348	842	1
1348	741	1
1349	684	1
1350	1540	1
1350	1386	1
1350	741	1
1350	1001	1
1351	937	1
1351	989	1
1351	1891	1
1351	1633	1
1351	1702	1
1351	642	1
1351	2406	1
1351	675	1
1351	455	1
1351	1469	1
1351	2347	1
1351	807	1
1351	1834	1
1351	1256	1
1351	1482	1
1351	2005	1
1351	1858	1
1351	1830	1
1351	1253	1
1351	867	1
1351	303	1
1351	749	1
1351	530	1
1351	369	1
1351	122	1
1351	1941	1
1351	1923	1
1351	1207	1
1351	499	1
1351	1254	1
1351	1586	1
1351	2343	1
1351	1052	1
1351	741	1
1351	49	1
1351	62	1
1351	438	1
1351	1856	1
1351	30	1
1351	1166	1
1351	1440	1
1352	1686	1
1352	1050	1
1352	749	1
1352	334	1
1353	1532	1
1353	1068	1
1353	1402	1
1353	1098	1
1353	1879	1
1353	1691	1
1353	2312	1
1353	1941	1
1353	1811	1
1353	805	1
1353	1037	1
1354	1380	1
1354	1228	1
1354	1955	1
1354	1933	1
1354	954	1
1354	1335	1
1354	1557	1
1354	334	1
1355	1686	1
1355	2267	1
1355	867	1
1355	1148	1
1355	1269	1
1355	1544	1
1355	1155	1
1355	334	1
1355	2361	1
1355	805	1
1355	533	1
1356	684	1
1356	1269	1
1356	737	1
1356	587	1
1357	2132	1
1357	805	1
1357	95	1
1358	2295	1
1358	875	1
1358	1232	1
1358	2058	1
1358	455	1
1358	1151	1
1358	2347	1
1358	807	1
1358	729	1
1358	1686	1
1358	177	1
1358	1228	1
1358	1098	1
1358	1568	1
1358	2267	1
1358	1830	1
1358	1796	1
1358	1941	1
1358	2157	1
1358	1088	1
1358	842	1
1358	334	1
1358	1825	1
1358	49	1
1358	17	1
1358	373	1
1358	693	1
1358	463	1
1358	2216	1
1358	1104	1
1358	1856	1
1358	53	1
1359	96	1
1359	2233	1
1359	1097	1
1359	842	1
1359	741	1
1359	2361	1
1359	805	1
1359	256	1
1360	875	1
1360	684	1
1360	1050	1
1360	741	1
1361	684	1
1361	1277	1
1361	741	1
1362	684	1
1363	1686	1
1363	684	1
1363	1215	1
1363	369	1
1363	842	1
1363	741	1
1364	1797	1
1364	937	1
1364	1633	1
1364	875	1
1364	1003	1
1364	244	1
1364	675	1
1364	455	1
1364	1469	1
1364	2347	1
1364	807	1
1364	729	1
1364	467	1
1364	698	1
1364	1056	1
1364	958	1
1364	1374	1
1364	2321	1
1364	1256	1
1364	1043	1
1364	1253	1
1364	2383	1
1364	1955	1
1364	749	1
1364	1215	1
1364	653	1
1364	495	1
1364	369	1
1364	557	1
1364	190	1
1364	2106	1
1364	1160	1
1364	1941	1
1364	1923	1
1364	307	1
1364	488	1
1364	683	1
1364	1560	1
1364	1978	1
1364	539	1
1364	2038	1
1364	1783	1
1364	17	1
1364	62	1
1364	693	1
1364	572	1
1364	1623	1
1364	1974	1
1364	1342	1
1364	2119	1
1364	1076	1
1365	455	1
1365	1581	1
1366	875	1
1366	2206	1
1367	684	1
1367	787	1
1367	369	1
1367	45	1
1367	352	1
1367	49	1
1367	62	1
1367	1551	1
1367	1948	1
1367	1856	1
1367	673	1
1368	2205	1
1368	989	1
1368	290	1
1368	675	1
1368	2347	1
1368	1054	1
1368	1686	1
1368	1517	1
1368	1228	1
1368	1644	1
1368	2267	1
1368	881	1
1368	395	1
1368	992	1
1368	1149	1
1368	954	1
1368	576	1
1368	307	1
1368	1088	1
1368	842	1
1368	334	1
1368	741	1
1368	1736	1
1368	216	1
1368	17	1
1368	62	1
1368	2216	1
1368	1623	1
1368	946	1
1369	1403	1
1369	2385	1
1369	2347	1
1369	25	1
1369	249	1
1369	2383	1
1369	1799	1
1369	1601	1
1369	648	1
1369	1851	1
1369	636	1
1369	741	1
1369	124	1
1369	272	1
1370	1729	1
1370	1779	1
1370	1235	1
1371	2132	1
1371	1633	1
1371	508	1
1371	875	1
1371	1261	1
1371	1103	1
1371	1253	1
1371	954	1
1371	307	1
1371	1088	1
1371	1052	1
1371	741	1
1371	62	1
1372	1797	1
1372	1403	1
1372	85	1
1372	653	1
1372	1769	1
1372	2157	1
1372	837	1
1372	1540	1
1372	1557	1
1372	842	1
1372	62	1
1372	1458	1
1372	2119	1
1373	865	1
1373	1232	1
1373	1686	1
1373	467	1
1373	1374	1
1373	1103	1
1373	1256	1
1373	1253	1
1373	682	1
1373	954	1
1373	1941	1
1373	307	1
1373	1088	1
1373	1052	1
1373	842	1
1373	334	1
1373	2304	1
1373	1287	1
1374	875	1
1374	333	1
1374	243	1
1374	1686	1
1374	1925	1
1374	2383	1
1374	794	1
1374	1709	1
1374	1088	1
1374	784	1
1374	334	1
1374	741	1
1374	1736	1
1374	17	1
1374	8	1
1374	1458	1
1374	2375	1
1375	227	1
1375	684	1
1375	1557	1
1375	842	1
1375	334	1
1375	1736	1
1376	586	1
1376	1232	1
1376	333	1
1376	281	1
1376	1272	1
1376	1694	1
1376	2347	1
1376	251	1
1376	467	1
1376	684	1
1376	1374	1
1376	1098	1
1376	1653	1
1376	1173	1
1376	207	1
1376	1845	1
1376	1253	1
1376	1680	1
1376	399	1
1376	653	1
1376	1286	1
1376	846	1
1376	1138	1
1376	373	1
1376	593	1
1376	2000	1
1376	62	1
1376	2017	1
1376	438	1
1377	989	1
1377	223	1
1377	1469	1
1377	1033	1
1377	1686	1
1377	2231	1
1377	1173	1
1377	232	1
1377	1253	1
1377	1057	1
1377	1260	1
1377	80	1
1377	842	1
1377	62	1
1377	438	1
1378	2377	1
1378	1232	1
1378	455	1
1378	1469	1
1378	2347	1
1378	729	1
1378	1033	1
1378	1686	1
1378	1374	1
1378	1256	1
1378	1830	1
1378	1253	1
1378	2383	1
1378	653	1
1378	2092	1
1378	682	1
1378	1728	1
1378	954	1
1378	2157	1
1378	1557	1
1378	1052	1
1378	62	1
1378	124	1
1378	438	1
1378	2216	1
1379	642	1
1379	1380	1
1379	1576	1
1379	1026	1
1379	1612	1
1379	2368	1
1379	975	1
1379	1549	1
1379	395	1
1379	1188	1
1379	1383	1
1379	954	1
1379	1578	1
1379	260	1
1379	1116	1
1379	1518	1
1379	1324	1
1379	2265	1
1379	1082	1
1379	1687	1
1379	1852	1
1380	2205	1
1380	1403	1
1380	50	1
1380	675	1
1380	1644	1
1380	867	1
1380	2383	1
1380	1149	1
1380	93	1
1380	307	1
1380	741	1
1380	49	1
1380	1458	1
1380	438	1
1380	2216	1
1381	1910	1
1381	1328	1
1381	1729	1
1381	2027	1
1381	1663	1
1381	924	1
1381	2244	1
1381	1867	1
1381	804	1
1381	1443	1
1381	741	1
1381	713	1
1381	1712	1
1381	461	1
1382	937	1
1382	1686	1
1382	1402	1
1382	975	1
1382	1253	1
1382	1769	1
1382	205	1
1382	240	1
1382	1088	1
1382	2343	1
1382	334	1
1382	741	1
1382	62	1
1382	8	1
1382	917	1
1383	373	1
1383	1581	1
1384	1232	1
1384	1694	1
1384	1033	1
1384	684	1
1384	1098	1
1384	2092	1
1384	1941	1
1384	539	1
1384	1287	1
1385	989	1
1385	1875	1
1385	875	1
1385	1550	1
1385	684	1
1385	1103	1
1385	2383	1
1385	395	1
1385	285	1
1385	682	1
1385	1557	1
1385	334	1
1385	741	1
1385	1687	1
1385	1677	1
1385	1987	1
1386	1633	1
1386	333	1
1386	1469	1
1386	1686	1
1386	314	1
1386	653	1
1386	2092	1
1386	1941	1
1386	2375	1
1387	653	1
1387	225	1
1387	741	1
1387	1744	1
1387	2304	1
1388	1050	1
1388	867	1
1388	303	1
1389	658	1
1389	2347	1
1389	1663	1
1389	303	1
1389	2082	1
1389	749	1
1389	100	1
1389	567	1
1389	1992	1
1389	2388	1
1389	826	1
1390	2347	1
1390	537	1
1390	1033	1
1390	1686	1
1390	1312	1
1390	1098	1
1390	1253	1
1390	653	1
1390	1941	1
1390	1237	1
1390	2051	1
1390	373	1
1390	1581	1
1390	736	1
1391	684	1
1391	1050	1
1391	1581	1
1392	1050	1
1393	1729	1
1394	937	1
1394	2169	1
1394	297	1
1394	1256	1
1394	867	1
1394	369	1
1394	557	1
1394	954	1
1394	3	1
1394	1540	1
1394	842	1
1394	2375	1
1394	2119	1
1394	1525	1
1395	684	1
1395	1644	1
1395	741	1
1396	537	1
1396	1644	1
1396	225	1
1396	842	1
1396	373	1
1396	62	1
1396	572	1
1397	875	1
1397	2347	1
1397	684	1
1397	1277	1
1397	80	1
1397	2285	1
1397	741	1
1397	1783	1
1398	1729	1
1399	1729	1
1399	614	1
1399	327	1
1399	749	1
1400	989	1
1400	875	1
1400	967	1
1400	1686	1
1400	1253	1
1400	1057	1
1400	2383	1
1400	2216	1
1401	1875	1
1401	2169	1
1401	1686	1
1401	1050	1
1401	653	1
1401	2157	1
1401	741	1
1401	1744	1
1401	62	1
1402	1875	1
1402	2169	1
1402	2157	1
1402	784	1
1402	1386	1
1402	1744	1
1402	17	1
1403	867	1
1403	1386	1
1403	1744	1
1404	626	1
1404	479	1
1404	1003	1
1404	1232	1
1404	1033	1
1404	1686	1
1404	1374	1
1404	1098	1
1404	1253	1
1404	591	1
1404	813	1
1404	569	1
1404	611	1
1404	842	1
1404	1614	1
1404	2125	1
1404	62	1
1405	626	1
1405	1101	1
1405	255	1
1405	2247	1
1405	875	1
1405	1232	1
1405	622	1
1405	1562	1
1405	455	1
1405	1469	1
1405	1694	1
1405	2347	1
1405	487	1
1405	537	1
1405	729	1
1405	1033	1
1405	1686	1
1405	1059	1
1405	1228	1
1405	1714	1
1405	958	1
1405	874	1
1405	1253	1
1405	190	1
1405	1887	1
1405	348	1
1405	842	1
1405	17	1
1405	373	1
1405	62	1
1405	736	1
1405	2216	1
1405	603	1
1406	255	1
1406	550	1
1406	2247	1
1406	1003	1
1406	1474	1
1406	65	1
1406	729	1
1406	525	1
1406	1686	1
1406	6	1
1406	177	1
1406	83	1
1406	958	1
1406	1204	1
1406	653	1
1406	2097	1
1406	80	1
1406	1941	1
1406	2285	1
1406	1335	1
1406	2175	1
1406	1063	1
1406	442	1
1406	1303	1
1406	736	1
1406	566	1
1406	917	1
1406	1771	1
1406	1010	1
1406	507	1
1407	1033	1
1407	1686	1
1407	6	1
1407	83	1
1407	1059	1
1407	1204	1
1407	1050	1
1407	925	1
1407	1805	1
1407	2285	1
1407	741	1
1408	2186	1
1408	2347	1
1408	6	1
1408	741	1
1408	1652	1
1408	1771	1
1409	255	1
1409	1380	1
1409	1204	1
1409	1933	1
1409	442	1
1409	1303	1
1409	239	1
1409	566	1
1410	2169	1
1410	1686	1
1410	1050	1
1410	867	1
1410	2383	1
1410	1584	1
1410	1231	1
1410	171	1
1410	741	1
1410	1744	1
1410	1001	1
1410	1652	1
1410	507	1
1411	2247	1
1411	2347	1
1411	867	1
1411	1526	1
1411	80	1
1411	2285	1
1411	921	1
1411	741	1
1411	1744	1
1411	1581	1
1411	1771	1
1412	875	1
1412	2347	1
1412	1386	1
1412	1581	1
1412	1690	1
1413	177	1
1413	1050	1
1413	712	1
1413	348	1
1414	1805	1
1414	2065	1
1415	1050	1
1415	1584	1
1416	2247	1
1416	2347	1
1416	177	1
1416	80	1
1416	921	1
1416	712	1
1416	859	1
1416	1581	1
1416	1690	1
1417	80	1
1418	507	1
1419	675	1
1419	1469	1
1419	1033	1
1419	1686	1
1419	1253	1
1419	2383	1
1419	842	1
1419	741	1
1420	1050	1
1420	749	1
1420	2097	1
1420	1936	1
1420	1063	1
1420	1581	1
1420	1771	1
1420	507	1
1421	2247	1
1421	922	1
1421	2347	1
1421	1686	1
1421	1380	1
1421	6	1
1421	83	1
1421	1098	1
1421	303	1
1421	2189	1
1421	1584	1
1421	1936	1
1421	1941	1
1421	1671	1
1421	1004	1
1421	1063	1
1421	859	1
1421	741	1
1421	2065	1
1421	1303	1
1421	1652	1
1421	239	1
1421	736	1
1421	1771	1
1421	1010	1
1421	38	1
1422	1474	1
1422	1050	1
1422	2383	1
1422	1004	1
1423	255	1
1423	922	1
1423	288	1
1423	1474	1
1423	1686	1
1423	177	1
1423	1204	1
1423	2383	1
1423	1662	1
1423	1936	1
1423	307	1
1423	1004	1
1423	859	1
1423	2051	1
1423	379	1
1423	1581	1
1423	1771	1
1423	680	1
1423	1076	1
1423	507	1
1424	937	1
1424	1252	1
1424	875	1
1424	675	1
1424	2347	1
1424	1033	1
1424	1204	1
1424	1657	1
1424	80	1
1424	3	1
1424	206	1
1424	2304	1
1424	1619	1
1424	1581	1
1424	438	1
1424	740	1
1425	2247	1
1425	922	1
1425	875	1
1425	1003	1
1425	1686	1
1425	467	1
1425	177	1
1425	1059	1
1425	1204	1
1425	1050	1
1425	303	1
1425	653	1
1425	591	1
1425	2097	1
1425	794	1
1425	1936	1
1425	1941	1
1425	2157	1
1425	307	1
1425	784	1
1425	859	1
1425	714	1
1425	1303	1
1425	373	1
1425	1581	1
1425	62	1
1425	1771	1
1425	1690	1
1425	507	1
1426	2347	1
1426	1686	1
1426	1056	1
1426	1629	1
1426	337	1
1426	1075	1
1426	1050	1
1426	1526	1
1426	1936	1
1426	1109	1
1426	683	1
1426	741	1
1426	1090	1
1426	1783	1
1427	626	1
1427	2247	1
1427	1033	1
1427	1374	1
1427	1098	1
1427	1204	1
1427	1050	1
1427	1936	1
1427	80	1
1427	2285	1
1427	98	1
1427	348	1
1427	859	1
1427	2304	1
1427	1090	1
1427	1783	1
1427	1771	1
1427	507	1
1428	479	1
1428	1101	1
1428	255	1
1428	2247	1
1428	333	1
1428	1401	1
1428	537	1
1428	467	1
1428	1629	1
1428	1059	1
1428	1228	1
1428	1098	1
1428	1423	1
1428	1887	1
1428	569	1
1428	98	1
1428	2175	1
1428	348	1
1428	2304	1
1428	1783	1
1428	1581	1
1428	1771	1
1428	1284	1
1428	603	1
1428	507	1
1429	2347	1
1429	1686	1
1429	1204	1
1429	1050	1
1429	1253	1
1429	2383	1
1429	1526	1
1429	1936	1
1429	80	1
1429	1004	1
1429	1109	1
1429	98	1
1429	348	1
1429	741	1
1429	2304	1
1429	1090	1
1429	1783	1
1429	373	1
1429	1581	1
1429	1771	1
1429	1372	1
1429	38	1
1429	507	1
1430	2169	1
1430	1253	1
1430	2175	1
1430	1771	1
1430	38	1
1431	1050	1
1431	1671	1
1431	1004	1
1431	38	1
1432	1797	1
1432	875	1
1432	1232	1
1432	1469	1
1432	967	1
1432	2347	1
1432	760	1
1432	1686	1
1432	1925	1
1432	1374	1
1432	1103	1
1432	2162	1
1432	293	1
1432	314	1
1432	1425	1
1432	867	1
1432	193	1
1432	794	1
1432	1936	1
1432	1160	1
1432	80	1
1432	2427	1
1432	1941	1
1432	1088	1
1432	1254	1
1432	1237	1
1432	225	1
1432	2051	1
1432	741	1
1432	1736	1
1432	17	1
1432	373	1
1432	1242	1
1432	253	1
1432	438	1
1432	2216	1
1432	535	1
1432	603	1
1432	740	1
1432	1426	1
1433	875	1
1433	684	1
1433	1253	1
1433	287	1
1433	2026	1
1433	842	1
1433	334	1
1433	62	1
1433	917	1
1434	1232	1
1434	1033	1
1434	2231	1
1434	1173	1
1434	741	1
1435	1686	1
1435	684	1
1435	395	1
1435	1557	1
1435	2343	1
1435	842	1
1436	1686	1
1436	1380	1
1436	684	1
1436	1103	1
1436	682	1
1436	3	1
1436	2343	1
1437	2169	1
1437	433	1
1437	333	1
1437	684	1
1437	2211	1
1437	1050	1
1437	1253	1
1437	370	1
1437	842	1
1437	1614	1
1437	1242	1
1437	572	1
1438	1686	1
1438	1228	1
1438	1374	1
1438	1098	1
1438	1653	1
1438	1256	1
1438	1253	1
1438	2092	1
1438	1941	1
1438	1254	1
1438	842	1
1438	741	1
1438	572	1
1438	1287	1
1438	1856	1
1439	1797	1
1439	989	1
1439	1469	1
1439	1033	1
1439	1261	1
1439	2321	1
1439	975	1
1439	2092	1
1439	954	1
1439	1287	1
1439	1426	1
1440	989	1
1440	2415	1
1440	1469	1
1440	1033	1
1440	1686	1
1440	144	1
1440	2231	1
1440	1204	1
1440	1256	1
1440	303	1
1440	1088	1
1440	1557	1
1440	1956	1
1440	842	1
1440	334	1
1440	17	1
1440	1324	1
1441	1797	1
1441	626	1
1441	386	1
1441	2004	1
1441	989	1
1441	1891	1
1441	187	1
1441	473	1
1441	143	1
1441	2116	1
1441	1358	1
1441	1777	1
1441	1232	1
1441	1187	1
1441	406	1
1441	333	1
1441	622	1
1441	1802	1
1441	1683	1
1441	1562	1
1441	1404	1
1441	1236	1
1441	458	1
1441	492	1
1441	2359	1
1441	2052	1
1441	330	1
1441	487	1
1441	1713	1
1441	251	1
1441	729	1
1441	1033	1
1441	1935	1
1441	525	1
1441	1686	1
1441	424	1
1441	467	1
1441	1968	1
1441	1925	1
1441	1493	1
1441	1059	1
1441	2163	1
1441	1228	1
1441	1103	1
1441	1098	1
1441	1615	1
1441	1080	1
1441	651	1
1441	2174	1
1441	1204	1
1441	2280	1
1441	874	1
1441	1756	1
1441	13	1
1441	1256	1
1441	324	1
1441	7	1
1441	1369	1
1441	2184	1
1441	1018	1
1441	1568	1
1441	925	1
1441	649	1
1441	1830	1
1441	1385	1
1441	1253	1
1441	107	1
1441	2439	1
1441	416	1
1441	176	1
1441	584	1
1441	284	1
1441	1927	1
1441	303	1
1441	2383	1
1441	1598	1
1441	395	1
1441	1046	1
1441	749	1
1441	142	1
1441	653	1
1441	591	1
1441	2374	1
1441	472	1
1441	2097	1
1441	1929	1
1441	1395	1
1441	1769	1
1441	2173	1
1441	659	1
1441	557	1
1441	230	1
1441	794	1
1441	1526	1
1441	371	1
1441	1778	1
1441	382	1
1441	822	1
1441	1841	1
1441	1301	1
1441	1503	1
1441	190	1
1441	912	1
1441	753	1
1441	1453	1
1441	1522	1
1441	567	1
1441	1160	1
1441	2092	1
1441	565	1
1441	129	1
1441	954	1
1441	1336	1
1441	2157	1
1441	818	1
1441	1561	1
1441	1323	1
1441	1861	1
1441	898	1
1441	986	1
1441	1573	1
1441	364	1
1441	1864	1
1441	1866	1
1441	295	1
1441	410	1
1441	322	1
1441	540	1
1441	1254	1
1441	146	1
1441	676	1
1441	1035	1
1441	520	1
1441	1790	1
1441	683	1
1441	348	1
1441	1258	1
1441	929	1
1441	112	1
1441	2138	1
1441	2118	1
1441	611	1
1441	1499	1
1441	192	1
1441	842	1
1441	1019	1
1441	1488	1
1441	741	1
1441	1587	1
1441	206	1
1441	235	1
1441	2361	1
1441	1138	1
1441	1113	1
1441	49	1
1441	1090	1
1441	549	1
1441	1146	1
1441	2350	1
1441	792	1
1441	247	1
1441	708	1
1441	1849	1
1441	17	1
1441	1572	1
1441	75	1
1441	1242	1
1441	710	1
1441	2000	1
1441	62	1
1441	693	1
1441	1727	1
1441	1458	1
1441	1919	1
1441	1058	1
1441	2017	1
1441	736	1
1441	1378	1
1441	970	1
1441	1520	1
1441	917	1
1441	1771	1
1441	1712	1
1441	438	1
1441	572	1
1441	2375	1
1441	772	1
1441	900	1
1441	57	1
1441	291	1
1441	2230	1
1441	489	1
1441	826	1
1441	1394	1
1441	603	1
1441	353	1
1441	2003	1
1441	1539	1
1441	2271	1
1441	1717	1
1441	1426	1
1441	507	1
1442	255	1
1442	333	1
1442	2347	1
1442	537	1
1442	1686	1
1442	2162	1
1442	919	1
1442	749	1
1442	653	1
1442	557	1
1442	567	1
1442	1941	1
1442	1540	1
1442	1088	1
1442	741	1
1442	736	1
1443	1875	1
1443	333	1
1443	1374	1
1443	2162	1
1443	1204	1
1443	1941	1
1443	1540	1
1443	741	1
1444	1633	1
1444	1380	1
1444	2298	1
1444	1228	1
1444	2321	1
1444	954	1
1444	917	1
1444	1852	1
1445	989	1
1445	255	1
1445	875	1
1445	1686	1
1445	1256	1
1445	1253	1
1445	1277	1
1445	334	1
1445	62	1
1445	1110	1
1445	1885	1
1446	2347	1
1446	1686	1
1446	509	1
1446	1103	1
1446	1204	1
1446	2135	1
1446	2383	1
1446	1149	1
1446	1278	1
1446	1931	1
1446	2343	1
1446	1856	1
1447	684	1
1447	1050	1
1447	80	1
1447	741	1
1448	875	1
1448	1686	1
1448	684	1
1448	307	1
1449	1925	1
1449	1204	1
1449	653	1
1449	2092	1
1450	1925	1
1450	1204	1
1450	314	1
1450	1253	1
1450	1458	1
1451	1797	1
1451	937	1
1451	675	1
1451	455	1
1451	2347	1
1451	807	1
1451	1686	1
1451	1739	1
1451	684	1
1451	1374	1
1451	707	1
1451	1256	1
1451	1253	1
1451	881	1
1451	653	1
1451	271	1
1451	794	1
1451	45	1
1451	287	1
1451	1501	1
1451	1941	1
1451	1131	1
1451	837	1
1451	1088	1
1451	2242	1
1451	1237	1
1451	1851	1
1451	842	1
1451	334	1
1451	741	1
1451	2354	1
1451	62	1
1451	438	1
1451	2216	1
1452	333	1
1452	1277	1
1452	842	1
1452	741	1
1453	1469	1
1453	2347	1
1453	1713	1
1453	1253	1
1453	653	1
1453	842	1
1453	741	1
1454	1713	1
1454	1686	1
1454	2383	1
1454	1088	1
1454	842	1
1455	875	1
1455	1686	1
1455	1103	1
1455	2281	1
1455	653	1
1455	2092	1
1455	954	1
1455	842	1
1455	334	1
1456	989	1
1456	2406	1
1456	954	1
1456	842	1
1456	1426	1
1457	887	1
1457	1686	1
1457	684	1
1457	1769	1
1457	1557	1
1458	675	1
1458	967	1
1458	1686	1
1458	2419	1
1458	1149	1
1458	379	1
1458	62	1
1458	253	1
1458	535	1
1458	1502	1
1459	2409	1
1459	1050	1
1460	1050	1
1461	1050	1
1462	1797	1
1462	372	1
1462	333	1
1462	1686	1
1462	1925	1
1462	2005	1
1462	1253	1
1462	746	1
1462	1789	1
1462	78	1
1462	741	1
1462	373	1
1462	62	1
1462	253	1
1463	2169	1
1463	333	1
1463	2347	1
1463	1050	1
1463	1830	1
1463	746	1
1463	78	1
1463	225	1
1463	379	1
1463	741	1
1463	2432	1
1463	253	1
1463	2216	1
1464	1050	1
1464	741	1
1465	455	1
1465	1713	1
1465	1253	1
1465	954	1
1466	675	1
1466	455	1
1466	1713	1
1466	1830	1
1466	1253	1
1466	125	1
1466	954	1
1466	1242	1
1466	62	1
1467	989	1
1467	455	1
1467	560	1
1467	2024	1
1467	1694	1
1467	2347	1
1467	1686	1
1467	467	1
1467	1374	1
1467	1830	1
1467	1253	1
1467	2383	1
1467	749	1
1467	2031	1
1467	653	1
1467	591	1
1467	813	1
1467	682	1
1467	2157	1
1467	996	1
1467	1557	1
1467	611	1
1467	334	1
1467	741	1
1467	247	1
1467	62	1
1467	1287	1
1467	1342	1
1467	1426	1
1468	684	1
1469	684	1
1469	2343	1
1469	741	1
1470	684	1
1471	2347	1
1471	684	1
1471	954	1
1471	741	1
1472	1232	1
1472	560	1
1472	2347	1
1472	1686	1
1472	1256	1
1472	1830	1
1472	1253	1
1472	653	1
1472	954	1
1472	1941	1
1472	307	1
1472	842	1
1472	741	1
1472	62	1
1473	684	1
1474	684	1
1475	684	1
1475	334	1
1476	333	1
1476	1469	1
1476	1713	1
1476	1374	1
1476	2231	1
1476	741	1
1477	1232	1
1477	333	1
1477	1469	1
1477	2347	1
1477	1686	1
1477	1374	1
1477	1098	1
1477	2080	1
1477	741	1
1478	989	1
1478	1875	1
1478	875	1
1478	1232	1
1478	742	1
1478	1686	1
1478	249	1
1478	2383	1
1478	653	1
1478	682	1
1478	1941	1
1478	1601	1
1478	1540	1
1478	1088	1
1478	842	1
1478	113	1
1478	1736	1
1478	62	1
1478	1360	1
1478	272	1
1478	2441	1
1478	2119	1
1478	2346	1
1479	675	1
1479	1402	1
1479	1103	1
1480	1711	1
1480	1686	1
1480	1384	1
1480	1769	1
1480	954	1
1480	1540	1
1480	842	1
1480	1269	1
1480	62	1
1480	8	1
1480	1426	1
1481	1119	1
1481	1875	1
1481	2347	1
1481	1713	1
1481	698	1
1481	684	1
1481	1228	1
1481	1204	1
1481	952	1
1481	1384	1
1481	1256	1
1481	1253	1
1481	867	1
1481	2245	1
1481	1985	1
1481	1769	1
1481	78	1
1481	682	1
1481	954	1
1481	1941	1
1481	307	1
1481	499	1
1481	1088	1
1481	1524	1
1481	712	1
1481	1168	1
1481	2343	1
1481	842	1
1481	1001	1
1481	1736	1
1481	256	1
1481	62	1
1481	1287	1
1482	1686	1
1482	1402	1
1482	1256	1
1482	954	1
1482	334	1
1483	1686	1
1483	1402	1
1483	1374	1
1483	2231	1
1483	682	1
1483	842	1
1483	334	1
1483	741	1
1483	1677	1
1484	2347	1
1484	1686	1
1484	2383	1
1484	653	1
1484	682	1
1484	954	1
1484	1557	1
1484	842	1
1484	334	1
1484	741	1
1484	2119	1
1485	1033	1
1485	1686	1
1485	2092	1
1485	1601	1
1485	741	1
1486	875	1
1486	675	1
1486	1469	1
1486	1686	1
1486	1103	1
1486	1769	1
1486	2092	1
1486	682	1
1486	954	1
1486	842	1
1486	334	1
1486	62	1
1487	1713	1
1487	1228	1
1487	2383	1
1488	2347	1
1488	1103	1
1488	293	1
1488	307	1
1488	842	1
1488	334	1
1488	1287	1
1488	1746	1
1489	1713	1
1489	1256	1
1489	2383	1
1489	653	1
1489	682	1
1489	2157	1
1489	842	1
1489	334	1
1489	741	1
1489	1287	1
1490	1713	1
1490	1686	1
1490	1103	1
1490	2383	1
1490	682	1
1490	842	1
1490	334	1
1490	741	1
1490	1287	1
1491	1797	1
1491	875	1
1491	333	1
1491	2079	1
1491	2058	1
1491	675	1
1491	455	1
1491	967	1
1491	1686	1
1491	684	1
1491	1374	1
1491	1277	1
1491	303	1
1491	2383	1
1491	749	1
1491	2393	1
1491	148	1
1491	1979	1
1491	1969	1
1491	80	1
1491	1501	1
1491	334	1
1491	2304	1
1491	2011	1
1492	1174	1
1492	684	1
1492	1204	1
1492	867	1
1492	129	1
1492	1088	1
1492	1557	1
1492	334	1
1492	917	1
1493	785	1
1493	1232	1
1493	1686	1
1493	684	1
1493	1228	1
1493	1098	1
1493	1057	1
1493	1277	1
1493	653	1
1493	1941	1
1493	2157	1
1493	842	1
1493	62	1
1493	2112	1
1494	2203	1
1494	1686	1
1494	2078	1
1494	2100	1
1494	1253	1
1494	2383	1
1494	653	1
1494	1706	1
1494	1769	1
1494	660	1
1494	81	1
1494	1646	1
1494	954	1
1494	510	1
1494	1851	1
1494	616	1
1494	334	1
1494	2142	1
1494	1736	1
1494	151	1
1494	82	1
1494	551	1
1495	333	1
1495	1469	1
1495	537	1
1495	1033	1
1495	1374	1
1495	2231	1
1495	1253	1
1495	557	1
1495	794	1
1495	1941	1
1495	2157	1
1495	741	1
1495	438	1
1495	2216	1
1495	1821	1
1496	865	1
1496	2347	1
1496	1686	1
1496	684	1
1496	2231	1
1496	1173	1
1496	1204	1
1496	314	1
1496	867	1
1496	303	1
1496	749	1
1496	2157	1
1496	842	1
1496	62	1
1496	2017	1
1496	438	1
1497	1797	1
1497	2205	1
1497	1119	1
1497	1101	1
1497	1875	1
1497	255	1
1497	333	1
1497	675	1
1497	455	1
1497	967	1
1497	1694	1
1497	807	1
1497	467	1
1497	1103	1
1497	1075	1
1497	0	1
1497	11	1
1497	867	1
1497	303	1
1497	2383	1
1497	1086	1
1497	749	1
1497	653	1
1497	2090	1
1497	557	1
1497	1676	1
1497	612	1
1497	190	1
1497	2092	1
1497	129	1
1497	954	1
1497	365	1
1497	996	1
1497	611	1
1497	2361	1
1497	1736	1
1497	1967	1
1497	1783	1
1497	62	1
1497	693	1
1497	1458	1
1497	2216	1
1497	2103	1
1498	1101	1
1498	875	1
1498	1232	1
1498	333	1
1498	1236	1
1498	537	1
1498	1033	1
1498	1686	1
1498	1228	1
1498	1374	1
1498	1098	1
1498	1050	1
1498	1830	1
1498	303	1
1498	653	1
1498	2317	1
1498	1235	1
1498	1941	1
1498	1540	1
1498	842	1
1498	1736	1
1498	17	1
1498	572	1
1498	2216	1
1498	1287	1
1499	1875	1
1499	1232	1
1499	333	1
1499	1469	1
1499	1033	1
1499	1686	1
1499	303	1
1499	395	1
1499	794	1
1499	2092	1
1499	2157	1
1499	741	1
1499	1581	1
1499	62	1
1499	2216	1
1500	1050	1
1500	438	1
1501	875	1
1501	250	1
1501	1686	1
1501	1830	1
1501	1769	1
1501	2157	1
1501	1557	1
1501	842	1
1501	334	1
1501	1623	1
1501	1287	1
1501	1677	1
1502	875	1
1502	2079	1
1502	967	1
1502	807	1
1502	1033	1
1502	1686	1
1502	467	1
1502	1228	1
1502	1103	1
1502	2231	1
1502	1050	1
1502	1139	1
1502	1253	1
1502	303	1
1502	2383	1
1502	1149	1
1502	80	1
1502	954	1
1502	2157	1
1502	1557	1
1502	842	1
1502	334	1
1502	741	1
1502	2361	1
1502	49	1
1502	62	1
1502	693	1
1502	438	1
1502	2216	1
1502	1287	1
1502	883	1
1502	1746	1
1503	937	1
1503	2205	1
1503	1633	1
1503	1101	1
1503	1421	1
1503	255	1
1503	2247	1
1503	1232	1
1503	2121	1
1503	560	1
1503	1236	1
1503	2347	1
1503	2384	1
1503	537	1
1503	1033	1
1503	1686	1
1503	528	1
1503	467	1
1503	2298	1
1503	1059	1
1503	958	1
1503	1644	1
1503	1374	1
1503	1098	1
1503	2231	1
1503	2321	1
1503	1173	1
1503	952	1
1503	910	1
1503	1139	1
1503	92	1
1503	1253	1
1503	787	1
1503	303	1
1503	1215	1
1503	653	1
1503	1150	1
1503	936	1
1503	2287	1
1503	1969	1
1503	1676	1
1503	2248	1
1503	1637	1
1503	555	1
1503	184	1
1503	954	1
1503	1986	1
1503	1941	1
1503	576	1
1503	364	1
1503	1088	1
1503	1109	1
1503	583	1
1503	1168	1
1503	1333	1
1503	348	1
1503	2343	1
1503	2117	1
1503	1488	1
1503	741	1
1503	1614	1
1503	1023	1
1503	181	1
1503	1783	1
1503	2350	1
1503	1915	1
1503	17	1
1503	62	1
1503	693	1
1503	917	1
1503	1989	1
1503	1551	1
1503	2216	1
1503	1776	1
1503	1856	1
1503	680	1
1504	1875	1
1504	333	1
1504	746	1
1504	225	1
1504	17	1
1504	373	1
1504	1581	1
1504	2017	1
1504	2216	1
1505	1797	1
1505	333	1
1505	1253	1
1506	865	1
1506	255	1
1506	333	1
1506	1469	1
1506	2347	1
1506	1033	1
1506	1686	1
1506	684	1
1506	1374	1
1506	0	1
1506	2231	1
1506	1204	1
1506	749	1
1506	653	1
1506	190	1
1506	691	1
1506	1744	1
1506	2432	1
1506	2017	1
1506	736	1
1506	1677	1
1506	2307	1
1507	223	1
1507	684	1
1507	983	1
1507	2231	1
1507	749	1
1507	1982	1
1507	1449	1
1507	842	1
1507	1744	1
1507	713	1
1507	1581	1
1507	62	1
1507	438	1
1507	1677	1
1508	1469	1
1508	1033	1
1508	1374	1
1508	2231	1
1508	1253	1
1508	2383	1
1508	653	1
1508	842	1
1508	373	1
1508	438	1
1509	865	1
1509	1469	1
1509	1713	1
1509	1686	1
1509	1374	1
1509	2231	1
1509	2267	1
1509	749	1
1509	465	1
1510	250	1
1510	333	1
1510	455	1
1510	2347	1
1510	1686	1
1510	684	1
1510	1261	1
1510	1374	1
1510	1050	1
1510	1425	1
1510	2092	1
1510	2157	1
1510	1088	1
1510	784	1
1510	1386	1
1510	741	1
1510	95	1
1510	1581	1
1510	253	1
1510	2057	1
1510	1426	1
1511	675	1
1511	455	1
1511	2347	1
1511	1686	1
1511	684	1
1511	1253	1
1511	867	1
1511	1769	1
1511	954	1
1511	859	1
1511	842	1
1511	741	1
1511	49	1
1511	62	1
1511	2375	1
1512	1686	1
1512	1380	1
1512	1228	1
1512	2383	1
1512	1172	1
1512	954	1
1512	842	1
1512	334	1
1513	1686	1
1513	653	1
1513	1769	1
1513	682	1
1513	954	1
1513	1557	1
1513	334	1
1513	8	1
1514	1119	1
1514	1686	1
1514	1103	1
1514	395	1
1514	949	1
1514	653	1
1514	1769	1
1514	2092	1
1514	954	1
1514	1557	1
1514	842	1
1514	334	1
1514	17	1
1514	62	1
1514	8	1
1514	425	1
1515	1470	1
1515	1686	1
1515	1103	1
1515	2267	1
1515	1769	1
1515	2092	1
1515	954	1
1515	1540	1
1515	62	1
1515	1287	1
1516	1686	1
1516	1103	1
1516	1769	1
1516	2092	1
1516	954	1
1516	1540	1
1516	842	1
1516	334	1
1517	1119	1
1517	333	1
1517	2347	1
1517	1253	1
1517	303	1
1517	2157	1
1517	741	1
1517	17	1
1517	256	1
1518	675	1
1518	1469	1
1518	807	1
1518	1686	1
1518	1253	1
1518	653	1
1518	1149	1
1518	954	1
1518	2157	1
1518	784	1
1518	842	1
1518	49	1
1518	373	1
1518	438	1
1519	1033	1
1519	1686	1
1519	2383	1
1519	653	1
1519	954	1
1519	307	1
1519	1088	1
1519	842	1
1519	1736	1
1519	49	1
1519	62	1
1520	626	1
1520	1101	1
1520	433	1
1520	255	1
1520	1694	1
1520	1033	1
1520	1059	1
1520	337	1
1520	2267	1
1520	1253	1
1520	867	1
1520	303	1
1520	2383	1
1520	749	1
1520	653	1
1520	2352	1
1520	1109	1
1520	539	1
1520	572	1
1520	1776	1
1520	1624	1
1521	2186	1
1521	1101	1
1521	1875	1
1521	433	1
1521	2379	1
1521	255	1
1521	922	1
1521	1729	1
1521	1003	1
1521	1469	1
1521	2347	1
1521	2052	1
1521	487	1
1521	26	1
1521	537	1
1521	729	1
1521	1033	1
1521	525	1
1521	1056	1
1521	1228	1
1521	1653	1
1521	0	1
1521	1204	1
1521	952	1
1521	431	1
1521	1949	1
1521	1013	1
1521	831	1
1521	1253	1
1521	867	1
1521	135	1
1521	749	1
1521	1584	1
1521	125	1
1521	1575	1
1521	394	1
1521	1160	1
1521	80	1
1521	682	1
1521	150	1
1521	652	1
1521	996	1
1521	1357	1
1521	1931	1
1521	2369	1
1521	1231	1
1521	784	1
1521	1109	1
1521	984	1
1521	98	1
1521	370	1
1521	1488	1
1521	334	1
1521	741	1
1521	20	1
1521	1783	1
1521	2350	1
1521	247	1
1521	62	1
1521	693	1
1521	917	1
1521	438	1
1521	572	1
1521	173	1
1521	1856	1
1522	783	1
1522	2169	1
1522	875	1
1522	675	1
1522	2347	1
1522	1253	1
1522	1386	1
1522	741	1
1522	1581	1
1523	989	1
1523	1119	1
1523	1875	1
1523	333	1
1523	2347	1
1523	415	1
1523	698	1
1523	749	1
1523	653	1
1523	954	1
1523	2157	1
1523	1088	1
1523	842	1
1523	2361	1
1523	805	1
1523	533	1
1523	62	1
1523	1049	1
1524	1729	1
1524	467	1
1524	1941	1
1524	2294	1
1524	741	1
1525	2186	1
1525	875	1
1525	675	1
1525	455	1
1525	1469	1
1525	1236	1
1525	1713	1
1525	1686	1
1525	415	1
1525	684	1
1525	1204	1
1525	182	1
1525	1277	1
1525	2383	1
1525	1676	1
1525	794	1
1525	80	1
1525	1931	1
1525	1088	1
1525	356	1
1525	1736	1
1525	624	1
1525	17	1
1525	693	1
1525	463	1
1525	2216	1
1525	705	1
1525	1856	1
1526	1380	1
1526	129	1
1526	954	1
1526	1557	1
1526	917	1
1527	989	1
1527	1239	1
1527	333	1
1527	807	1
1527	1686	1
1527	684	1
1527	758	1
1527	2267	1
1527	303	1
1527	2131	1
1527	594	1
1527	569	1
1527	1064	1
1527	1088	1
1527	842	1
1527	741	1
1527	1736	1
1527	95	1
1527	62	1
1527	536	1
1527	252	1
1528	2347	1
1528	1686	1
1528	467	1
1528	2344	1
1528	1215	1
1528	653	1
1528	1941	1
1528	929	1
1528	49	1
1529	333	1
1529	1236	1
1529	1686	1
1529	1228	1
1529	2383	1
1529	1941	1
1529	2157	1
1529	996	1
1529	842	1
1529	334	1
1529	741	1
1529	62	1
1529	2216	1
1530	1729	1
1530	567	1
1530	954	1
1531	2169	1
1531	1050	1
1531	1941	1
1531	17	1
1532	675	1
1532	455	1
1532	1686	1
1532	684	1
1532	1644	1
1532	1103	1
1532	1256	1
1532	2383	1
1532	1150	1
1532	936	1
1532	148	1
1532	954	1
1532	2157	1
1532	1094	1
1532	1088	1
1532	1736	1
1532	17	1
1532	62	1
1532	438	1
1532	1426	1
1533	1711	1
1533	1686	1
1533	47	1
1533	117	1
1533	1955	1
1533	719	1
1533	2204	1
1533	2141	1
1533	1623	1
1533	1071	1
1533	30	1
1534	937	1
1534	989	1
1534	1633	1
1534	1875	1
1534	2169	1
1534	1474	1
1534	2347	1
1534	1686	1
1534	1050	1
1534	1808	1
1534	653	1
1534	45	1
1534	954	1
1534	307	1
1534	784	1
1534	741	1
1534	1744	1
1534	1736	1
1534	1783	1
1534	256	1
1534	1581	1
1534	62	1
1534	1677	1
1535	455	1
1535	1469	1
1535	967	1
1535	1686	1
1535	684	1
1535	1644	1
1535	2231	1
1535	2321	1
1535	707	1
1535	1253	1
1535	2130	1
1535	45	1
1535	2092	1
1535	954	1
1535	307	1
1535	1088	1
1535	784	1
1535	1254	1
1535	400	1
1535	1744	1
1535	256	1
1535	62	1
1535	2216	1
1535	2375	1
1535	1071	1
1535	1342	1
1535	1300	1
1536	675	1
1536	1033	1
1536	1686	1
1536	2231	1
1536	2321	1
1536	975	1
1536	303	1
1536	2383	1
1536	2393	1
1536	1149	1
1536	2248	1
1536	913	1
1536	954	1
1536	2343	1
1536	62	1
1536	1746	1
1536	1465	1
1536	1856	1
1537	875	1
1537	887	1
1537	1686	1
1537	684	1
1537	1402	1
1537	1103	1
1537	2321	1
1537	1256	1
1537	1253	1
1537	867	1
1537	1277	1
1537	1955	1
1537	2097	1
1537	307	1
1537	1088	1
1537	784	1
1537	2343	1
1537	842	1
1537	49	1
1537	256	1
1537	62	1
1538	2186	1
1538	2347	1
1538	1551	1
1539	1380	1
1539	2298	1
1539	1721	1
1539	695	1
1539	205	1
1539	319	1
1539	784	1
1539	1052	1
1539	1564	1
1539	2304	1
1539	1552	1
1540	2366	1
1540	1686	1
1540	1728	1
1540	1631	1
1540	741	1
1540	62	1
1541	1904	1
1541	413	1
1541	1792	1
1541	1224	1
1541	1729	1
1541	2089	1
1541	1068	1
1541	614	1
1541	2318	1
1541	423	1
1541	1176	1
1541	96	1
1541	227	1
1541	528	1
1541	186	1
1541	1663	1
1541	1021	1
1541	1040	1
1541	1568	1
1541	19	1
1541	2268	1
1541	2164	1
1541	1339	1
1541	994	1
1541	2256	1
1541	609	1
1541	1083	1
1541	786	1
1541	1788	1
1541	115	1
1541	2086	1
1541	752	1
1541	1620	1
1541	1631	1
1541	1819	1
1541	2340	1
1541	242	1
1541	1639	1
1541	440	1
1541	623	1
1541	830	1
1541	2274	1
1541	1302	1
1541	1488	1
1541	1269	1
1541	1155	1
1541	762	1
1541	2361	1
1541	654	1
1541	1877	1
1541	432	1
1541	1365	1
1541	533	1
1541	566	1
1541	1294	1
1541	587	1
1541	801	1
1541	1178	1
1541	434	1
1542	875	1
1542	2366	1
1542	1469	1
1542	2347	1
1542	537	1
1542	1686	1
1542	1374	1
1542	2383	1
1542	954	1
1542	1941	1
1542	842	1
1542	334	1
1542	741	1
1542	1783	1
1542	62	1
1542	438	1
1543	1101	1
1543	2169	1
1543	433	1
1543	255	1
1543	2409	1
1543	875	1
1543	333	1
1543	1694	1
1543	2347	1
1543	537	1
1543	926	1
1543	2162	1
1543	1204	1
1543	1674	1
1543	2267	1
1543	1253	1
1543	867	1
1543	395	1
1543	2312	1
1543	653	1
1543	591	1
1543	2097	1
1543	794	1
1543	1941	1
1543	2157	1
1543	996	1
1543	1541	1
1543	1540	1
1543	307	1
1543	784	1
1543	1386	1
1543	2299	1
1543	1063	1
1543	370	1
1543	2051	1
1543	379	1
1543	842	1
1543	132	1
1543	334	1
1543	1749	1
1543	28	1
1543	383	1
1543	247	1
1543	17	1
1543	373	1
1543	62	1
1543	309	1
1543	535	1
1543	1677	1
1543	1582	1
1544	1633	1
1544	684	1
1544	1256	1
1544	954	1
1544	1690	1
1545	937	1
1545	1633	1
1545	1875	1
1545	875	1
1545	675	1
1545	560	1
1545	2347	1
1545	1256	1
1545	2383	1
1545	2326	1
1546	1686	1
1546	684	1
1546	334	1
1546	49	1
1547	675	1
1547	455	1
1547	1253	1
1547	2383	1
1547	307	1
1547	535	1
1548	684	1
1549	1713	1
1549	1686	1
1549	1088	1
1549	842	1
1549	741	1
1549	917	1
1550	333	1
1550	1374	1
1550	1204	1
1550	1050	1
1550	954	1
1550	2157	1
1550	1088	1
1550	842	1
1551	1253	1
1551	307	1
1551	1254	1
1551	842	1
1551	1736	1
1551	62	1
1551	2216	1
1552	937	1
1552	1403	1
1552	1686	1
1552	684	1
1552	1314	1
1552	1256	1
1552	867	1
1552	1601	1
1552	1131	1
1552	307	1
1552	1851	1
1552	842	1
1552	334	1
1552	741	1
1552	1108	1
1552	909	1
1552	1360	1
1552	272	1
1552	2216	1
1552	1287	1
1553	1729	1
1553	327	1
1553	43	1
1553	808	1
1554	989	1
1554	455	1
1554	2347	1
1554	1033	1
1554	1686	1
1554	684	1
1554	653	1
1554	1149	1
1554	2157	1
1554	307	1
1554	1088	1
1554	334	1
1554	1736	1
1554	438	1
1554	1287	1
1555	1729	1
1556	1421	1
1556	255	1
1556	2298	1
1556	1402	1
1556	1172	1
1556	1760	1
1556	205	1
1556	319	1
1556	1540	1
1556	2053	1
1556	917	1
1557	1101	1
1557	1232	1
1557	281	1
1557	537	1
1557	1374	1
1557	1160	1
1557	1088	1
1557	370	1
1557	842	1
1557	741	1
1557	1614	1
1557	256	1
1557	1574	1
1557	603	1
1558	875	1
1558	1686	1
1558	684	1
1558	867	1
1558	303	1
1558	2383	1
1558	653	1
1558	450	1
1558	1088	1
1558	741	1
1558	1736	1
1558	17	1
1558	62	1
1558	272	1
1558	1287	1
1558	1426	1
1559	989	1
1559	1403	1
1559	1875	1
1559	875	1
1559	1711	1
1559	1787	1
1559	1686	1
1559	71	1
1559	684	1
1559	1228	1
1559	1103	1
1559	219	1
1559	1568	1
1559	2240	1
1559	1253	1
1559	2383	1
1559	1046	1
1559	1172	1
1559	653	1
1559	1149	1
1559	2214	1
1559	331	1
1559	980	1
1559	1213	1
1559	3	1
1559	307	1
1559	1094	1
1559	1141	1
1559	1088	1
1559	784	1
1559	732	1
1559	1557	1
1559	1851	1
1559	616	1
1559	842	1
1559	334	1
1559	741	1
1559	1744	1
1559	1736	1
1559	373	1
1559	1581	1
1559	62	1
1559	1360	1
1559	1857	1
1559	1872	1
1559	1476	1
1559	1492	1
1559	1387	1
1559	2119	1
1559	1987	1
1560	1403	1
1560	1888	1
1560	2366	1
1560	1748	1
1560	1686	1
1560	2231	1
1560	2100	1
1560	1253	1
1560	2416	1
1560	395	1
1560	1149	1
1560	682	1
1560	3	1
1560	1131	1
1560	837	1
1560	2328	1
1560	1710	1
1560	497	1
1560	1136	1
1560	1557	1
1560	1997	1
1560	334	1
1560	2142	1
1560	2401	1
1560	151	1
1560	1743	1
1560	736	1
1560	1687	1
1560	1679	1
1561	882	1
1561	1633	1
1561	875	1
1561	675	1
1561	2347	1
1561	1686	1
1561	1103	1
1561	70	1
1561	297	1
1561	1400	1
1561	2267	1
1561	1253	1
1561	303	1
1561	2383	1
1561	749	1
1561	1215	1
1561	369	1
1561	936	1
1561	1969	1
1561	954	1
1561	859	1
1561	842	1
1561	741	1
1561	805	1
1561	1896	1
1561	62	1
1561	1049	1
1561	1551	1
1561	1009	1
1561	1856	1
1561	30	1
1561	1166	1
1562	2203	1
1562	716	1
1562	2100	1
1562	158	1
1562	1646	1
1562	339	1
1562	571	1
1563	1875	1
1563	875	1
1563	967	1
1563	1938	1
1563	1686	1
1563	1644	1
1563	2267	1
1563	1253	1
1563	1277	1
1563	2383	1
1563	2393	1
1563	1840	1
1563	1969	1
1563	1676	1
1563	80	1
1563	954	1
1563	2157	1
1563	576	1
1563	1094	1
1563	842	1
1563	334	1
1563	741	1
1563	1736	1
1563	62	1
1563	693	1
1563	1623	1
1563	252	1
1564	989	1
1564	2347	1
1564	1686	1
1564	684	1
1564	954	1
1564	842	1
1564	1744	1
1564	1581	1
1565	865	1
1565	2409	1
1565	1469	1
1565	1720	1
1565	446	1
1565	1686	1
1565	684	1
1565	1204	1
1565	975	1
1565	867	1
1565	1516	1
1565	2178	1
1565	1331	1
1565	80	1
1565	954	1
1565	866	1
1565	3	1
1565	1540	1
1565	728	1
1565	987	1
1565	727	1
1565	1557	1
1565	842	1
1565	741	1
1565	373	1
1565	151	1
1565	62	1
1565	8	1
1565	1743	1
1565	2076	1
1565	63	1
1565	1677	1
1565	890	1
1565	1627	1
1566	1686	1
1566	2092	1
1566	954	1
1566	1557	1
1566	741	1
1566	151	1
1566	1746	1
1566	1884	1
1567	50	1
1567	875	1
1567	967	1
1567	2347	1
1567	684	1
1567	1830	1
1567	2383	1
1567	1088	1
1567	17	1
1567	62	1
1567	29	1
1567	2216	1
1568	1474	1
1568	1686	1
1568	1769	1
1568	2157	1
1568	307	1
1568	2302	1
1568	842	1
1568	334	1
1568	741	1
1568	62	1
1568	1677	1
1569	887	1
1569	1827	1
1569	446	1
1569	2347	1
1569	1779	1
1569	1686	1
1569	415	1
1569	1390	1
1569	1228	1
1569	1663	1
1569	1384	1
1569	1425	1
1569	2383	1
1569	1046	1
1569	2031	1
1569	1769	1
1569	557	1
1569	122	1
1569	794	1
1569	954	1
1569	796	1
1569	1237	1
1569	379	1
1569	842	1
1569	2361	1
1569	62	1
1569	1458	1
1569	1623	1
1569	1287	1
1569	808	1
1569	1502	1
1569	1144	1
1569	2362	1
1570	989	1
1570	255	1
1570	875	1
1570	967	1
1570	1236	1
1570	446	1
1570	2347	1
1570	1686	1
1570	684	1
1570	1204	1
1570	1256	1
1570	1253	1
1570	1277	1
1570	2383	1
1570	794	1
1570	129	1
1570	499	1
1570	1088	1
1570	842	1
1570	1783	1
1570	17	1
1570	533	1
1570	62	1
1570	1458	1
1570	1287	1
1571	1686	1
1571	842	1
1571	334	1
1571	741	1
1572	684	1
1572	842	1
1572	334	1
1572	741	1
1572	62	1
1573	1232	1
1573	1033	1
1573	467	1
1573	684	1
1573	1103	1
1573	2231	1
1573	303	1
1573	2383	1
1573	653	1
1573	954	1
1573	1941	1
1573	307	1
1573	1088	1
1573	842	1
1573	334	1
1574	941	1
1574	2347	1
1574	1204	1
1574	842	1
1574	566	1
1575	1469	1
1575	1686	1
1575	684	1
1575	1103	1
1575	867	1
1575	2383	1
1575	1149	1
1575	3	1
1575	784	1
1575	1136	1
1575	334	1
1575	62	1
1576	73	1
1576	123	1
1576	117	1
1576	1246	1
1576	240	1
1576	269	1
1576	1524	1
1576	2304	1
1576	62	1
1576	1732	1
1577	1904	1
1577	858	1
1577	684	1
1577	1830	1
1577	1297	1
1577	490	1
1577	240	1
1577	1524	1
1577	323	1
1577	664	1
1577	1017	1
1577	1324	1
1577	1287	1
1578	1711	1
1578	333	1
1578	2155	1
1578	928	1
1578	2347	1
1578	1347	1
1578	770	1
1578	1686	1
1578	1663	1
1578	2321	1
1578	1946	1
1578	1204	1
1578	901	1
1578	745	1
1578	685	1
1578	1340	1
1578	1590	1
1578	1367	1
1578	521	1
1578	2177	1
1578	490	1
1578	129	1
1578	328	1
1578	524	1
1578	748	1
1578	1315	1
1578	2343	1
1578	2147	1
1578	842	1
1578	2303	1
1578	1451	1
1578	1308	1
1578	1199	1
1578	635	1
1578	754	1
1578	1359	1
1579	245	1
1579	333	1
1579	2155	1
1579	1694	1
1579	628	1
1579	1347	1
1579	770	1
1579	698	1
1579	1402	1
1579	2442	1
1579	828	1
1579	1341	1
1579	2267	1
1579	975	1
1579	1253	1
1579	901	1
1579	2167	1
1579	303	1
1579	2348	1
1579	1769	1
1579	685	1
1579	1367	1
1579	521	1
1579	2045	1
1579	2124	1
1579	2177	1
1579	1975	1
1579	129	1
1579	954	1
1579	1941	1
1579	1524	1
1579	748	1
1579	1048	1
1579	231	1
1579	873	1
1579	1315	1
1579	539	1
1579	842	1
1579	334	1
1579	2303	1
1579	1062	1
1579	76	1
1579	62	1
1579	1308	1
1579	425	1
1579	2315	1
1579	2049	1
1580	318	1
1580	989	1
1580	1111	1
1580	669	1
1580	1310	1
1580	999	1
1580	1253	1
1580	588	1
1580	1765	1
1580	1371	1
1580	209	1
1580	1267	1
1580	2102	1
1580	981	1
1580	1167	1
1580	240	1
1580	1960	1
1580	1125	1
1580	229	1
1580	2179	1
1580	1580	1
1580	607	1
1580	1813	1
1580	1545	1
1580	639	1
1580	2304	1
1580	222	1
1580	1730	1
1580	953	1
1580	662	1
1580	1617	1
1580	2236	1
1580	782	1
1580	1466	1
1580	948	1
1580	1016	1
1581	937	1
1581	1459	1
1581	1720	1
1581	1686	1
1581	1331	1
1581	52	1
1581	1131	1
1581	1540	1
1581	728	1
1581	334	1
1581	741	1
1581	1743	1
1581	1759	1
1581	1525	1
1582	1403	1
1582	875	1
1582	464	1
1582	1686	1
1582	1380	1
1582	1536	1
1582	1559	1
1582	1916	1
1582	1149	1
1582	1769	1
1582	2411	1
1582	1142	1
1582	2157	1
1582	511	1
1582	1557	1
1582	842	1
1582	459	1
1582	124	1
1582	2262	1
1583	1904	1
1583	887	1
1583	2347	1
1583	1380	1
1583	1402	1
1583	1103	1
1583	2321	1
1583	1946	1
1583	1775	1
1583	1578	1
1583	842	1
1583	8	1
1583	1342	1
1583	1426	1
1584	875	1
1584	1686	1
1584	1557	1
1584	842	1
1584	741	1
1584	1426	1
1585	875	1
1585	455	1
1585	1686	1
1585	2383	1
1585	1088	1
1585	842	1
1585	334	1
1585	741	1
1586	1910	1
1586	1478	1
1586	980	1
1586	1088	1
1586	1852	1
1587	1421	1
1587	875	1
1587	2347	1
1587	1686	1
1587	1380	1
1587	684	1
1587	867	1
1587	2383	1
1587	2429	1
1587	205	1
1587	80	1
1587	954	1
1587	1557	1
1587	842	1
1587	1744	1
1587	62	1
1587	917	1
1588	1033	1
1588	1374	1
1588	1893	1
1588	135	1
1588	2324	1
1588	404	1
1589	937	1
1589	1119	1
1589	865	1
1589	1875	1
1589	255	1
1589	875	1
1589	1232	1
1589	1711	1
1589	333	1
1589	967	1
1589	2347	1
1589	537	1
1589	1686	1
1589	1380	1
1589	1925	1
1589	698	1
1589	1228	1
1589	1644	1
1589	1999	1
1589	297	1
1589	1204	1
1589	1256	1
1589	1830	1
1589	1253	1
1589	303	1
1589	749	1
1589	653	1
1589	1941	1
1589	1583	1
1589	307	1
1589	499	1
1589	1524	1
1589	712	1
1589	732	1
1589	842	1
1589	1019	1
1589	1488	1
1589	113	1
1589	334	1
1589	1077	1
1589	805	1
1589	1614	1
1589	1736	1
1589	49	1
1589	1242	1
1589	62	1
1589	1458	1
1589	1919	1
1589	2170	1
1589	917	1
1589	2216	1
1589	1880	1
1589	1287	1
1589	252	1
1589	1525	1
1590	1633	1
1590	1320	1
1590	675	1
1590	455	1
1590	807	1
1590	1686	1
1590	576	1
1590	307	1
1590	334	1
1590	741	1
1590	49	1
1590	693	1
1590	883	1
1590	946	1
1590	673	1
1591	675	1
1591	455	1
1591	2347	1
1591	1033	1
1591	1686	1
1591	1256	1
1591	1830	1
1591	1253	1
1591	2393	1
1591	1150	1
1591	954	1
1591	307	1
1591	842	1
1591	334	1
1591	1783	1
1591	62	1
1591	2216	1
1592	989	1
1592	875	1
1592	2347	1
1592	1686	1
1592	684	1
1592	1253	1
1592	1088	1
1592	842	1
1592	334	1
1593	1469	1
1593	1720	1
1593	1686	1
1593	684	1
1593	1402	1
1593	1103	1
1593	2383	1
1593	660	1
1593	1331	1
1593	339	1
1593	682	1
1593	1131	1
1593	1540	1
1593	728	1
1593	784	1
1593	750	1
1593	1557	1
1593	616	1
1593	842	1
1593	334	1
1593	1436	1
1593	1108	1
1593	62	1
1593	2119	1
1594	937	1
1594	989	1
1594	1101	1
1594	1402	1
1594	1374	1
1594	1103	1
1594	1256	1
1594	2383	1
1594	285	1
1594	1213	1
1594	682	1
1594	954	1
1594	1941	1
1594	2157	1
1594	334	1
1594	1287	1
1594	1009	1
1595	1605	1
1595	1720	1
1595	660	1
1595	1331	1
1595	954	1
1595	1540	1
1595	728	1
1595	1020	1
1595	1436	1
1595	151	1
1595	62	1
1595	396	1
1595	2076	1
1596	937	1
1596	2109	1
1596	1686	1
1596	684	1
1596	867	1
1596	2383	1
1596	868	1
1596	1331	1
1596	52	1
1596	750	1
1596	1557	1
1596	1108	1
1597	875	1
1597	1686	1
1597	1253	1
1597	1277	1
1597	80	1
1597	365	1
1597	334	1
1597	49	1
1597	62	1
1598	1686	1
1598	684	1
1598	1253	1
1598	303	1
1598	2157	1
1598	1601	1
1598	307	1
1598	1557	1
1598	842	1
1599	1459	1
1599	1605	1
1599	1469	1
1599	1739	1
1599	597	1
1599	1256	1
1599	1253	1
1599	2383	1
1599	1149	1
1599	868	1
1599	1769	1
1599	268	1
1599	1331	1
1599	2092	1
1599	1846	1
1599	1088	1
1599	750	1
1599	842	1
1599	334	1
1599	151	1
1599	62	1
1599	1287	1
1599	311	1
1599	1884	1
1600	1469	1
1600	2347	1
1600	537	1
1600	729	1
1600	1033	1
1600	1686	1
1600	1374	1
1600	2321	1
1600	1173	1
1600	975	1
1600	1253	1
1600	303	1
1600	2383	1
1600	567	1
1600	1941	1
1600	307	1
1600	728	1
1600	1088	1
1600	842	1
1600	741	1
1600	373	1
1600	62	1
1600	693	1
1601	675	1
1601	80	1
1601	307	1
1601	784	1
1602	1797	1
1602	1854	1
1602	887	1
1602	1228	1
1602	1253	1
1602	867	1
1602	2054	1
1602	1088	1
1602	784	1
1602	2277	1
1602	1557	1
1602	842	1
1602	1116	1
1602	733	1
1602	373	1
1602	1581	1
1602	62	1
1602	1492	1
1602	535	1
1603	2186	1
1603	166	1
1603	333	1
1603	455	1
1603	1686	1
1603	1314	1
1603	1228	1
1603	1277	1
1603	980	1
1603	741	1
1603	733	1
1603	373	1
1603	1360	1
1603	1492	1
1604	882	1
1604	251	1
1604	1402	1
1604	598	1
1604	1256	1
1604	160	1
1604	749	1
1604	1427	1
1604	1557	1
1604	842	1
1604	8	1
1604	2199	1
1604	1287	1
1604	1281	1
1605	1633	1
1605	865	1
1605	2347	1
1605	1686	1
1605	2321	1
1605	1256	1
1605	277	1
1605	1253	1
1605	2320	1
1605	1724	1
1605	1504	1
1605	954	1
1605	1088	1
1605	1399	1
1605	334	1
1605	741	1
1605	62	1
1605	1643	1
1605	1287	1
1605	1364	1
1605	1746	1
1605	1342	1
1605	30	1
1606	1891	1
1606	508	1
1606	1729	1
1606	1174	1
1606	777	1
1606	1998	1
1606	1045	1
1606	1630	1
1606	698	1
1606	758	1
1606	1511	1
1606	1563	1
1606	2261	1
1606	1261	1
1606	2180	1
1606	1479	1
1606	952	1
1606	769	1
1606	1067	1
1606	224	1
1606	2267	1
1606	746	1
1606	879	1
1606	499	1
1606	1088	1
1606	488	1
1606	812	1
1606	1254	1
1606	1976	1
1606	2250	1
1606	2343	1
1606	979	1
1606	836	1
1606	1596	1
1606	2292	1
1606	388	1
1606	699	1
1606	252	1
1606	2375	1
1606	635	1
1606	1426	1
1607	1686	1
1607	1277	1
1607	2383	1
1607	334	1
1607	693	1
1607	272	1
1607	438	1
1607	2216	1
1608	875	1
1608	675	1
1608	684	1
1608	1204	1
1608	1256	1
1608	2383	1
1608	2404	1
1608	539	1
1608	842	1
1608	334	1
1608	62	1
1608	272	1
1609	875	1
1609	1686	1
1609	684	1
1609	1204	1
1609	653	1
1609	1149	1
1609	954	1
1609	1540	1
1609	842	1
1609	741	1
1609	62	1
1609	438	1
1609	2216	1
1610	937	1
1610	2347	1
1610	1686	1
1610	707	1
1610	2383	1
1610	653	1
1610	1149	1
1610	954	1
1610	842	1
1610	62	1
1610	1551	1
1611	1797	1
1611	2120	1
1611	1403	1
1611	2409	1
1611	875	1
1611	517	1
1611	1469	1
1611	967	1
1611	1787	1
1611	2347	1
1611	1686	1
1611	106	1
1611	1649	1
1611	2373	1
1611	1256	1
1611	610	1
1611	2267	1
1611	345	1
1611	274	1
1611	1939	1
1611	653	1
1611	1149	1
1611	367	1
1611	2090	1
1611	80	1
1611	954	1
1611	1540	1
1611	1088	1
1611	573	1
1611	715	1
1611	2272	1
1611	1860	1
1611	1956	1
1611	842	1
1611	113	1
1611	334	1
1611	741	1
1611	2400	1
1611	373	1
1611	62	1
1611	1458	1
1611	438	1
1611	2216	1
1611	1205	1
1611	2234	1
1611	1698	1
1611	408	1
1611	1856	1
1611	1300	1
1612	937	1
1612	2347	1
1612	1686	1
1612	684	1
1612	1256	1
1612	653	1
1612	1149	1
1612	842	1
1612	334	1
1612	741	1
1612	62	1
1613	1469	1
1613	2347	1
1613	684	1
1613	314	1
1613	1253	1
1613	653	1
1613	954	1
1613	1088	1
1613	842	1
1613	62	1
1613	2216	1
1614	875	1
1614	2347	1
1614	1686	1
1614	684	1
1614	1581	1
1614	438	1
1614	2216	1
1614	2375	1
1615	1797	1
1615	989	1
1615	255	1
1615	2109	1
1615	2409	1
1615	1232	1
1615	675	1
1615	1469	1
1615	446	1
1615	2347	1
1615	1686	1
1615	1050	1
1615	1253	1
1615	867	1
1615	2429	1
1615	1509	1
1615	80	1
1615	784	1
1615	1386	1
1615	1254	1
1615	1052	1
1615	842	1
1615	741	1
1615	870	1
1615	373	1
1615	2161	1
1615	438	1
1616	989	1
1616	2288	1
1616	1347	1
1616	2046	1
1616	117	1
1616	2005	1
1616	1830	1
1616	1253	1
1616	215	1
1616	1654	1
1616	501	1
1616	80	1
1616	240	1
1616	175	1
1616	1524	1
1616	1545	1
1616	842	1
1616	1581	1
1616	1242	1
1616	62	1
1616	1623	1
1616	1426	1
1616	1467	1
1616	855	1
1617	1403	1
1617	1748	1
1617	1469	1
1617	1686	1
1617	1402	1
1617	1228	1
1617	1103	1
1617	2100	1
1617	1253	1
1617	867	1
1617	1769	1
1617	1331	1
1617	682	1
1617	954	1
1617	1601	1
1617	1131	1
1617	837	1
1617	1540	1
1617	307	1
1617	728	1
1617	842	1
1617	1255	1
1617	151	1
1617	62	1
1617	1743	1
1617	551	1
1617	1746	1
1618	1352	1
1618	1557	1
1619	875	1
1619	1469	1
1619	1033	1
1619	2231	1
1619	1253	1
1619	2383	1
1619	954	1
1619	842	1
1619	62	1
1619	272	1
1619	2119	1
1620	875	1
1620	1686	1
1620	1277	1
1621	875	1
1621	80	1
1621	1581	1
1621	2216	1
1622	675	1
1622	1686	1
1622	684	1
1622	334	1
1622	2304	1
1622	49	1
1622	17	1
1623	875	1
1623	80	1
1623	1581	1
1623	2216	1
1624	937	1
1624	1470	1
1624	1891	1
1624	354	1
1624	1875	1
1624	1232	1
1624	967	1
1624	1938	1
1624	1140	1
1624	2347	1
1624	1686	1
1624	415	1
1624	1390	1
1624	1644	1
1624	1256	1
1624	2267	1
1624	1830	1
1624	1253	1
1624	2383	1
1624	395	1
1624	749	1
1624	653	1
1624	591	1
1624	1769	1
1624	1964	1
1624	954	1
1624	1941	1
1624	996	1
1624	499	1
1624	1254	1
1624	346	1
1624	1052	1
1624	741	1
1624	1736	1
1624	2216	1
1624	2375	1
1624	1492	1
1624	1987	1
1625	989	1
1625	1403	1
1625	1875	1
1625	887	1
1625	333	1
1625	2347	1
1625	1686	1
1625	698	1
1625	1204	1
1625	1384	1
1625	1253	1
1625	2383	1
1625	653	1
1625	1149	1
1625	1079	1
1625	954	1
1625	499	1
1625	1088	1
1625	741	1
1625	17	1
1625	272	1
1625	2375	1
1625	30	1
1626	1055	1
1626	5	1
1626	887	1
1626	1157	1
1626	675	1
1626	1998	1
1626	2347	1
1626	261	1
1626	1686	1
1626	1739	1
1626	2321	1
1626	502	1
1626	2267	1
1626	2008	1
1626	1253	1
1626	2416	1
1626	2383	1
1626	1769	1
1626	128	1
1626	1846	1
1626	336	1
1626	307	1
1626	1386	1
1626	750	1
1626	1557	1
1626	2343	1
1626	842	1
1626	334	1
1626	1744	1
1626	1436	1
1626	2304	1
1626	373	1
1626	151	1
1626	8	1
1626	1290	1
1626	1112	1
1626	1294	1
1626	2265	1
1626	82	1
1626	551	1
1626	1687	1
1626	1476	1
1626	1342	1
1626	552	1
1627	684	1
1627	85	1
1627	1769	1
1627	3	1
1627	52	1
1627	837	1
1627	784	1
1627	750	1
1627	1557	1
1627	151	1
1627	1290	1
1628	1469	1
1628	1236	1
1628	1694	1
1628	1686	1
1628	684	1
1628	1374	1
1628	1075	1
1628	1253	1
1628	1769	1
1628	954	1
1628	2157	1
1628	307	1
1628	1956	1
1628	842	1
1628	334	1
1628	62	1
1628	2017	1
1628	1746	1
1629	937	1
1629	989	1
1629	865	1
1629	642	1
1629	333	1
1629	1469	1
1629	698	1
1629	1021	1
1629	303	1
1629	2383	1
1629	749	1
1629	1149	1
1629	1769	1
1629	954	1
1629	2157	1
1629	1254	1
1629	1901	1
1629	2343	1
1629	2404	1
1629	218	1
1629	842	1
1629	741	1
1629	1736	1
1629	49	1
1629	181	1
1629	256	1
1629	1287	1
1629	1856	1
1630	523	1
1630	875	1
1630	887	1
1630	684	1
1630	1253	1
1630	2383	1
1630	1769	1
1630	1580	1
1630	373	1
1630	151	1
1630	62	1
1631	1797	1
1631	875	1
1631	675	1
1631	1686	1
1631	249	1
1631	1253	1
1631	1149	1
1631	842	1
1631	62	1
1631	1360	1
1631	2346	1
1632	875	1
1632	2347	1
1632	1686	1
1632	2321	1
1632	1204	1
1632	954	1
1632	2343	1
1632	334	1
1632	741	1
1632	1287	1
1633	989	1
1633	1380	1
1633	1228	1
1633	2321	1
1633	980	1
1633	1044	1
1633	1082	1
1633	1852	1
1634	2169	1
1634	875	1
1634	333	1
1634	455	1
1634	1686	1
1634	684	1
1634	1204	1
1634	867	1
1634	303	1
1634	1417	1
1634	129	1
1634	1386	1
1634	400	1
1634	741	1
1634	17	1
1634	1581	1
1635	989	1
1635	2169	1
1635	433	1
1635	255	1
1635	1003	1
1635	1232	1
1635	809	1
1635	1694	1
1635	1660	1
1635	415	1
1635	467	1
1635	1056	1
1635	684	1
1635	337	1
1635	958	1
1635	1098	1
1635	1204	1
1635	1050	1
1635	918	1
1635	2267	1
1635	1253	1
1635	867	1
1635	653	1
1635	2097	1
1635	129	1
1635	1088	1
1635	1386	1
1635	1109	1
1635	683	1
1635	842	1
1635	334	1
1635	741	1
1635	181	1
1635	1783	1
1635	1581	1
1635	62	1
1635	2216	1
1635	1776	1
1635	1987	1
1636	937	1
1636	1875	1
1636	50	1
1636	255	1
1636	1232	1
1636	243	1
1636	2360	1
1636	1469	1
1636	2104	1
1636	1033	1
1636	1925	1
1636	684	1
1636	1374	1
1636	1204	1
1636	2098	1
1636	1253	1
1636	867	1
1636	2419	1
1636	2090	1
1636	794	1
1636	1156	1
1636	1941	1
1636	898	1
1636	1094	1
1636	334	1
1636	62	1
1636	1826	1
1636	535	1
1636	1300	1
1636	1426	1
1637	1101	1
1637	1232	1
1637	543	1
1637	2347	1
1637	537	1
1637	1686	1
1637	467	1
1637	1059	1
1637	1050	1
1637	2383	1
1637	1841	1
1637	190	1
1637	1160	1
1637	1941	1
1637	569	1
1637	1109	1
1637	842	1
1637	1019	1
1637	1488	1
1637	2361	1
1637	1242	1
1637	62	1
1637	2016	1
1637	438	1
1637	572	1
1637	1624	1
1638	333	1
1638	1469	1
1638	1694	1
1638	2347	1
1638	1033	1
1638	525	1
1638	467	1
1638	1056	1
1638	918	1
1638	1253	1
1638	303	1
1638	749	1
1638	1941	1
1638	1088	1
1638	1109	1
1638	683	1
1638	1292	1
1638	842	1
1638	2016	1
1638	438	1
1638	572	1
1638	1776	1
1639	1797	1
1639	1421	1
1639	875	1
1639	1469	1
1639	1998	1
1639	2347	1
1639	807	1
1639	1033	1
1639	1686	1
1639	2298	1
1639	698	1
1639	2391	1
1639	2321	1
1639	1204	1
1639	1256	1
1639	315	1
1639	1830	1
1639	749	1
1639	1724	1
1639	1668	1
1639	78	1
1639	913	1
1639	954	1
1639	1775	1
1639	1088	1
1639	1524	1
1639	2343	1
1639	113	1
1639	334	1
1639	741	1
1639	62	1
1639	8	1
1639	940	1
1639	1	1
1639	1287	1
1639	2375	1
1639	30	1
1639	1426	1
1640	1875	1
1640	875	1
1640	1236	1
1640	1374	1
1640	1103	1
1640	1204	1
1640	1050	1
1640	1253	1
1640	867	1
1640	854	1
1640	1086	1
1640	1417	1
1640	17	1
1640	2216	1
1641	1797	1
1641	989	1
1641	2169	1
1641	255	1
1641	875	1
1641	333	1
1641	2347	1
1641	537	1
1641	1686	1
1641	1256	1
1641	1050	1
1641	1425	1
1641	653	1
1641	591	1
1641	557	1
1641	1941	1
1641	2402	1
1641	1088	1
1641	842	1
1641	1488	1
1641	741	1
1641	181	1
1641	2198	1
1641	373	1
1641	1458	1
1641	572	1
1642	937	1
1642	1633	1
1642	1875	1
1642	508	1
1642	1421	1
1642	2347	1
1642	1686	1
1642	1380	1
1642	1204	1
1642	725	1
1642	2034	1
1642	1769	1
1642	205	1
1642	236	1
1642	129	1
1642	1540	1
1642	1088	1
1642	1557	1
1642	917	1
1642	1287	1
1642	2375	1
1643	1797	1
1643	50	1
1643	243	1
1643	675	1
1643	455	1
1643	446	1
1643	2347	1
1643	1033	1
1643	106	1
1643	684	1
1643	867	1
1643	303	1
1643	2383	1
1643	1769	1
1643	2090	1
1643	794	1
1643	954	1
1643	2402	1
1643	1088	1
1643	1718	1
1643	1860	1
1643	842	1
1643	17	1
1643	373	1
1643	1458	1
1643	2216	1
1643	535	1
1643	1071	1
1643	1502	1
1643	1300	1
1644	1421	1
1644	1748	1
1644	1380	1
1644	684	1
1644	1172	1
1644	1557	1
1644	842	1
1644	334	1
1645	1875	1
1645	255	1
1645	875	1
1645	455	1
1645	1469	1
1645	1694	1
1645	655	1
1645	1033	1
1645	1686	1
1645	1925	1
1645	1228	1
1645	1881	1
1645	1098	1
1645	515	1
1645	867	1
1645	303	1
1645	2383	1
1645	749	1
1645	557	1
1645	2092	1
1645	129	1
1645	954	1
1645	115	1
1645	1540	1
1645	1088	1
1645	1348	1
1645	712	1
1645	842	1
1645	1019	1
1645	334	1
1645	741	1
1645	181	1
1645	62	1
1645	2216	1
1645	801	1
1645	1926	1
1645	2105	1
1646	1891	1
1646	875	1
1646	675	1
1646	1469	1
1646	967	1
1646	1998	1
1646	2347	1
1646	698	1
1646	1228	1
1646	1261	1
1646	1374	1
1646	1204	1
1646	1256	1
1646	1050	1
1646	1253	1
1646	1277	1
1646	2383	1
1646	1086	1
1646	1149	1
1646	287	1
1646	2092	1
1646	236	1
1646	129	1
1646	954	1
1646	2157	1
1646	54	1
1646	1168	1
1646	1557	1
1646	842	1
1646	334	1
1646	741	1
1646	1736	1
1646	1915	1
1646	256	1
1646	917	1
1646	1551	1
1646	2216	1
1646	2375	1
1646	635	1
1646	1426	1
1647	675	1
1647	1469	1
1647	1033	1
1647	1686	1
1647	684	1
1647	1374	1
1647	1204	1
1647	2267	1
1647	1277	1
1647	2383	1
1647	2343	1
1647	842	1
1647	741	1
1647	1915	1
1647	62	1
1647	1287	1
1647	1426	1
1648	1910	1
1648	243	1
1648	967	1
1648	2347	1
1648	729	1
1648	1686	1
1648	0	1
1648	1050	1
1648	1253	1
1648	1164	1
1648	303	1
1648	2383	1
1648	557	1
1648	2157	1
1648	1557	1
1648	842	1
1648	334	1
1648	741	1
1648	62	1
1648	1458	1
1648	2216	1
1649	1875	1
1649	698	1
1649	2162	1
1649	1204	1
1649	1256	1
1649	919	1
1649	1277	1
1649	395	1
1649	749	1
1649	129	1
1649	1088	1
1649	1168	1
1649	741	1
1649	1426	1
1650	1875	1
1650	50	1
1650	1925	1
1650	1204	1
1650	1277	1
1650	2419	1
1650	2090	1
1650	741	1
1650	62	1
1650	1458	1
1651	937	1
1651	255	1
1651	333	1
1651	243	1
1651	967	1
1651	2001	1
1651	2347	1
1651	1204	1
1651	395	1
1651	2419	1
1651	749	1
1651	653	1
1651	2090	1
1651	1156	1
1651	954	1
1651	240	1
1651	1088	1
1651	334	1
1651	741	1
1651	849	1
1651	49	1
1651	62	1
1651	1458	1
1651	736	1
1651	902	1
1652	989	1
1652	2169	1
1652	243	1
1652	1469	1
1652	1686	1
1652	467	1
1652	1204	1
1652	1050	1
1652	1253	1
1652	749	1
1652	842	1
1652	334	1
1652	741	1
1652	17	1
1652	62	1
1652	2216	1
1652	1426	1
1653	1875	1
1653	875	1
1653	2347	1
1653	807	1
1653	1204	1
1653	2267	1
1653	1253	1
1653	1277	1
1653	2383	1
1653	2090	1
1653	2157	1
1653	334	1
1653	741	1
1653	2216	1
1654	875	1
1654	243	1
1654	390	1
1654	2347	1
1654	1686	1
1654	1204	1
1654	1253	1
1654	1277	1
1654	2383	1
1654	2157	1
1654	842	1
1654	17	1
1654	62	1
1654	693	1
1654	1458	1
1655	2205	1
1655	882	1
1655	989	1
1655	1875	1
1655	2169	1
1655	433	1
1655	255	1
1655	875	1
1655	2377	1
1655	1232	1
1655	675	1
1655	455	1
1655	967	1
1655	1686	1
1655	1056	1
1655	684	1
1655	337	1
1655	958	1
1655	1644	1
1655	1098	1
1655	1204	1
1655	867	1
1655	2383	1
1655	749	1
1655	653	1
1655	2090	1
1655	190	1
1655	954	1
1655	1941	1
1655	115	1
1655	2157	1
1655	1636	1
1655	898	1
1655	1088	1
1655	784	1
1655	1109	1
1655	611	1
1655	1736	1
1655	1581	1
1655	1458	1
1655	2216	1
1655	2119	1
1655	1300	1
1656	1633	1
1656	1421	1
1656	1998	1
1656	1686	1
1656	1380	1
1656	2298	1
1656	1390	1
1656	1256	1
1656	1253	1
1656	303	1
1656	1172	1
1656	1769	1
1656	205	1
1656	1540	1
1656	1557	1
1656	334	1
1656	8	1
1657	989	1
1657	1910	1
1657	1875	1
1657	255	1
1657	1232	1
1657	675	1
1657	1469	1
1657	967	1
1657	684	1
1657	1228	1
1657	1374	1
1657	1103	1
1657	293	1
1657	2267	1
1657	1253	1
1657	1277	1
1657	303	1
1657	794	1
1657	129	1
1657	954	1
1657	1088	1
1657	842	1
1657	1019	1
1657	334	1
1657	741	1
1657	1736	1
1657	17	1
1657	2216	1
1657	535	1
1658	989	1
1658	1470	1
1658	508	1
1658	333	1
1658	415	1
1658	684	1
1658	303	1
1658	653	1
1658	954	1
1658	115	1
1658	2157	1
1658	1088	1
1658	1557	1
1658	1269	1
1658	737	1
1658	334	1
1658	741	1
1658	2361	1
1658	805	1
1658	533	1
1658	62	1
1659	989	1
1659	1875	1
1659	875	1
1659	1232	1
1659	333	1
1659	455	1
1659	1469	1
1659	1686	1
1659	1925	1
1659	698	1
1659	684	1
1659	1374	1
1659	1098	1
1659	1204	1
1659	1253	1
1659	2383	1
1659	653	1
1659	2157	1
1659	842	1
1659	741	1
1659	102	1
1659	1581	1
1659	62	1
1659	2216	1
1660	989	1
1660	1875	1
1660	875	1
1660	675	1
1660	1236	1
1660	1686	1
1660	1204	1
1660	1253	1
1660	653	1
1660	1417	1
1660	287	1
1660	2157	1
1660	842	1
1660	334	1
1660	741	1
1660	17	1
1660	1458	1
1660	694	1
1661	1421	1
1661	1748	1
1661	1380	1
1661	698	1
1661	1067	1
1661	1384	1
1661	975	1
1661	653	1
1661	868	1
1661	1769	1
1661	660	1
1661	2195	1
1661	339	1
1661	205	1
1661	129	1
1661	954	1
1661	510	1
1661	1557	1
1661	1578	1
1661	256	1
1661	2218	1
1661	1833	1
1662	1875	1
1662	255	1
1662	875	1
1662	1232	1
1662	333	1
1662	1033	1
1662	867	1
1662	1277	1
1662	129	1
1662	1941	1
1662	1088	1
1662	741	1
1662	17	1
1662	2216	1
1663	1119	1
1663	1875	1
1663	675	1
1663	1469	1
1663	1033	1
1663	1374	1
1663	1253	1
1663	881	1
1663	1277	1
1663	653	1
1663	1769	1
1663	1417	1
1663	1941	1
1663	2157	1
1663	741	1
1663	1736	1
1663	17	1
1663	533	1
1663	62	1
1663	1049	1
1663	2216	1
1663	1987	1
1663	1426	1
1664	2205	1
1664	1232	1
1664	675	1
1664	455	1
1664	1469	1
1664	1236	1
1664	2347	1
1664	1686	1
1664	1253	1
1664	881	1
1664	2383	1
1664	653	1
1664	954	1
1664	1941	1
1664	2157	1
1664	1088	1
1664	334	1
1664	741	1
1664	1736	1
1664	693	1
1664	2216	1
1664	535	1
1664	1071	1
1665	989	1
1665	1875	1
1665	967	1
1665	2347	1
1665	2104	1
1665	1253	1
1665	2090	1
1665	954	1
1665	2157	1
1665	1088	1
1665	334	1
1665	741	1
1665	24	1
1665	17	1
1665	62	1
1665	29	1
1665	1458	1
1665	2216	1
1665	902	1
1665	1300	1
1666	1797	1
1666	882	1
1666	989	1
1666	2025	1
1666	1875	1
1666	50	1
1666	255	1
1666	1232	1
1666	1068	1
1666	243	1
1666	675	1
1666	455	1
1666	1469	1
1666	967	1
1666	1236	1
1666	2104	1
1666	1686	1
1666	684	1
1666	1374	1
1666	2321	1
1666	293	1
1666	1256	1
1666	725	1
1666	1830	1
1666	457	1
1666	1425	1
1666	2383	1
1666	1215	1
1666	2090	1
1666	794	1
1666	80	1
1666	1941	1
1666	1088	1
1666	477	1
1666	379	1
1666	741	1
1666	181	1
1666	1783	1
1666	17	1
1666	373	1
1666	62	1
1666	253	1
1666	1458	1
1666	2216	1
1666	902	1
1666	1987	1
1667	1875	1
1667	875	1
1667	1050	1
1667	45	1
1667	1941	1
1667	741	1
1668	2347	1
1668	1686	1
1668	684	1
1668	867	1
1668	2157	1
1668	784	1
1668	1386	1
1668	2299	1
1668	842	1
1668	741	1
1668	1744	1
1668	1581	1
1669	875	1
1669	333	1
1669	2079	1
1669	675	1
1669	967	1
1669	1236	1
1669	1686	1
1669	467	1
1669	1925	1
1669	1204	1
1669	1253	1
1669	2090	1
1669	2092	1
1669	1941	1
1669	115	1
1669	1540	1
1669	741	1
1669	805	1
1669	17	1
1669	1581	1
1669	62	1
1669	2216	1
1669	535	1
1670	937	1
1670	1875	1
1670	372	1
1670	2089	1
1670	2347	1
1670	1686	1
1670	684	1
1670	303	1
1670	2383	1
1670	653	1
1670	954	1
1670	2216	1
1670	1426	1
1671	1875	1
1671	2169	1
1671	875	1
1671	1232	1
1671	1236	1
1671	1686	1
1671	1925	1
1671	1204	1
1671	1040	1
1671	1253	1
1671	2130	1
1671	395	1
1671	653	1
1671	2090	1
1671	794	1
1671	954	1
1671	115	1
1671	2157	1
1671	996	1
1671	1019	1
1671	654	1
1671	62	1
1671	1458	1
1671	2216	1
1671	535	1
1671	2119	1
1671	1426	1
1672	1470	1
1672	508	1
1672	333	1
1672	1452	1
1672	455	1
1672	2347	1
1672	1686	1
1672	415	1
1672	684	1
1672	1445	1
1672	834	1
1672	2267	1
1672	1253	1
1672	1277	1
1672	653	1
1672	2317	1
1672	612	1
1672	115	1
1672	2157	1
1672	996	1
1672	1094	1
1672	2340	1
1672	1557	1
1672	1019	1
1672	1269	1
1672	737	1
1672	741	1
1672	2361	1
1672	533	1
1672	62	1
1672	1458	1
1672	1049	1
1672	736	1
1672	2375	1
1672	535	1
1672	1426	1
1673	989	1
1673	1875	1
1673	875	1
1673	1232	1
1673	1236	1
1673	2267	1
1673	867	1
1673	303	1
1673	129	1
1673	1941	1
1673	1088	1
1673	741	1
1673	1736	1
1673	181	1
1673	17	1
1673	256	1
1673	62	1
1673	2216	1
1673	535	1
1674	989	1
1674	1875	1
1674	875	1
1674	1232	1
1674	1236	1
1674	1228	1
1674	1098	1
1674	303	1
1674	129	1
1674	1941	1
1674	2157	1
1674	1540	1
1674	1088	1
1674	1557	1
1674	741	1
1674	256	1
1674	535	1
1675	989	1
1675	255	1
1675	1232	1
1675	967	1
1675	2347	1
1675	835	1
1675	1098	1
1675	2267	1
1675	867	1
1675	2383	1
1675	653	1
1675	781	1
1675	1769	1
1675	794	1
1675	954	1
1675	1941	1
1675	2157	1
1675	1540	1
1675	1088	1
1675	1386	1
1675	1557	1
1675	723	1
1675	1019	1
1675	334	1
1675	181	1
1675	17	1
1675	256	1
1675	1581	1
1675	62	1
1675	1049	1
1675	2216	1
1675	2119	1
1675	1426	1
1675	1525	1
1676	1421	1
1676	1748	1
1676	2298	1
1676	1172	1
1676	653	1
1676	567	1
1676	954	1
1676	1540	1
1676	334	1
1676	1736	1
1676	256	1
1676	917	1
1677	1686	1
1677	1380	1
1677	684	1
1677	1204	1
1677	1253	1
1677	1540	1
1677	1088	1
1677	1557	1
1677	1956	1
1677	256	1
1677	2119	1
1678	2205	1
1678	989	1
1678	1875	1
1678	675	1
1678	1236	1
1678	2347	1
1678	1253	1
1678	1277	1
1678	303	1
1678	2383	1
1678	2090	1
1678	1417	1
1678	45	1
1678	1941	1
1678	2157	1
1678	2402	1
1678	1088	1
1678	842	1
1678	334	1
1678	741	1
1678	17	1
1678	693	1
1678	1071	1
1678	1856	1
1679	1875	1
1679	255	1
1679	333	1
1679	1469	1
1679	2347	1
1679	1686	1
1679	314	1
1679	749	1
1679	954	1
1679	1941	1
1679	2157	1
1679	307	1
1679	842	1
1679	1019	1
1679	1736	1
1679	17	1
1679	438	1
1679	2216	1
1680	1469	1
1680	2347	1
1680	1686	1
1680	698	1
1680	1374	1
1680	1050	1
1680	1277	1
1680	749	1
1680	1941	1
1680	741	1
1681	989	1
1681	2132	1
1681	875	1
1681	250	1
1681	1686	1
1681	1925	1
1681	684	1
1681	758	1
1681	1479	1
1681	1644	1
1681	2162	1
1681	2321	1
1681	1204	1
1681	952	1
1681	707	1
1681	1256	1
1681	1050	1
1681	1568	1
1681	457	1
1681	1277	1
1681	1955	1
1681	1769	1
1681	794	1
1681	1873	1
1681	240	1
1681	1540	1
1681	307	1
1681	1094	1
1681	1088	1
1681	2343	1
1681	842	1
1681	334	1
1681	49	1
1681	181	1
1681	1783	1
1681	17	1
1681	95	1
1681	62	1
1681	693	1
1681	2216	1
1681	1623	1
1681	1287	1
1681	252	1
1681	2334	1
1681	1677	1
1681	2077	1
1681	1987	1
1681	1426	1
1682	875	1
1682	250	1
1682	1474	1
1682	1686	1
1682	1253	1
1682	867	1
1682	1277	1
1682	2157	1
1682	1088	1
1682	334	1
1682	741	1
1682	1736	1
1682	2057	1
1682	1677	1
1683	989	1
1683	1875	1
1683	255	1
1683	875	1
1683	1232	1
1683	333	1
1683	698	1
1683	1228	1
1683	1374	1
1683	1204	1
1683	1253	1
1683	399	1
1683	653	1
1683	129	1
1683	954	1
1683	1088	1
1683	1386	1
1683	842	1
1683	334	1
1683	1736	1
1683	17	1
1683	62	1
1683	438	1
1683	1426	1
1684	255	1
1684	875	1
1684	1232	1
1684	675	1
1684	1469	1
1684	1033	1
1684	1686	1
1684	467	1
1684	684	1
1684	1644	1
1684	1374	1
1684	2162	1
1684	1204	1
1684	92	1
1684	303	1
1684	992	1
1684	653	1
1684	495	1
1684	1417	1
1684	45	1
1684	954	1
1684	1941	1
1684	352	1
1684	400	1
1684	842	1
1684	334	1
1684	741	1
1684	1736	1
1684	17	1
1684	62	1
1684	29	1
1684	1987	1
1685	2247	1
1685	875	1
1685	1232	1
1685	2360	1
1685	1694	1
1685	2347	1
1685	1033	1
1685	525	1
1685	1686	1
1685	684	1
1685	958	1
1685	1098	1
1685	190	1
1685	1941	1
1685	1541	1
1685	1109	1
1685	611	1
1685	17	1
1685	2016	1
1685	572	1
1685	1776	1
1685	38	1
1686	989	1
1686	1875	1
1686	255	1
1686	875	1
1686	250	1
1686	1232	1
1686	2360	1
1686	455	1
1686	1469	1
1686	2347	1
1686	1686	1
1686	1739	1
1686	698	1
1686	684	1
1686	983	1
1686	1228	1
1686	1098	1
1686	2162	1
1686	1204	1
1686	314	1
1686	919	1
1686	2184	1
1686	1400	1
1686	2267	1
1686	1425	1
1686	1253	1
1686	303	1
1686	395	1
1686	856	1
1686	1769	1
1686	2427	1
1686	129	1
1686	954	1
1686	1941	1
1686	2157	1
1686	1540	1
1686	307	1
1686	1094	1
1686	2002	1
1686	1254	1
1686	842	1
1686	1019	1
1686	741	1
1686	713	1
1686	62	1
1686	572	1
1686	2216	1
1686	1677	1
1686	1987	1
1686	38	1
1687	989	1
1687	250	1
1687	333	1
1687	1469	1
1687	967	1
1687	2347	1
1687	684	1
1687	983	1
1687	1374	1
1687	1065	1
1687	1204	1
1687	1256	1
1687	867	1
1687	749	1
1687	653	1
1687	1789	1
1687	2106	1
1687	954	1
1687	2157	1
1687	1464	1
1687	1088	1
1687	2051	1
1687	842	1
1687	334	1
1687	741	1
1687	49	1
1687	24	1
1687	373	1
1687	62	1
1687	909	1
1687	2216	1
1687	2141	1
1687	1623	1
1687	2056	1
1687	740	1
1687	1987	1
1687	1426	1
1688	675	1
1688	807	1
1688	1204	1
1688	1050	1
1688	2267	1
1688	867	1
1688	653	1
1688	1941	1
1688	842	1
1688	741	1
1688	1736	1
1688	17	1
1688	2216	1
1688	1987	1
1688	1426	1
1689	1797	1
1689	937	1
1689	989	1
1689	1910	1
1689	1891	1
1689	941	1
1689	783	1
1689	1158	1
1689	1633	1
1689	1875	1
1689	853	1
1689	922	1
1689	875	1
1689	887	1
1689	333	1
1689	455	1
1689	1469	1
1689	2347	1
1689	1675	1
1689	1942	1
1689	251	1
1689	537	1
1689	2104	1
1689	729	1
1689	1686	1
1689	106	1
1689	1925	1
1689	698	1
1689	1374	1
1689	2108	1
1689	2321	1
1689	1204	1
1689	293	1
1689	930	1
1689	2005	1
1689	1830	1
1689	1425	1
1689	149	1
1689	1253	1
1689	2383	1
1689	1046	1
1689	2054	1
1689	653	1
1689	1149	1
1689	1785	1
1689	1769	1
1689	1789	1
1689	2090	1
1689	557	1
1689	387	1
1689	1079	1
1689	794	1
1689	1156	1
1689	78	1
1689	567	1
1689	1501	1
1689	888	1
1689	2157	1
1689	996	1
1689	898	1
1689	1357	1
1689	307	1
1689	1094	1
1689	499	1
1689	1088	1
1689	2294	1
1689	488	1
1689	712	1
1689	1254	1
1689	407	1
1689	260	1
1689	1860	1
1689	225	1
1689	1019	1
1689	1488	1
1689	206	1
1689	2361	1
1689	2059	1
1689	2270	1
1689	654	1
1689	181	1
1689	1967	1
1689	1783	1
1689	2198	1
1689	347	1
1689	2216	1
1689	1900	1
1689	535	1
1689	902	1
1689	1746	1
1689	1856	1
1689	1372	1
1689	1987	1
1689	1426	1
1689	1525	1
1690	250	1
1690	675	1
1690	455	1
1690	1033	1
1690	1686	1
1690	1374	1
1690	2383	1
1690	653	1
1690	2157	1
1690	842	1
1690	741	1
1690	1677	1
1691	1875	1
1691	2347	1
1691	1686	1
1691	1204	1
1691	867	1
1691	653	1
1691	2429	1
1691	352	1
1691	842	1
1691	741	1
1691	62	1
1692	255	1
1692	875	1
1692	684	1
1692	1253	1
1692	867	1
1692	842	1
1692	741	1
1693	2368	1
1693	2408	1
1693	784	1
1694	2368	1
1694	2383	1
1694	2408	1
1695	989	1
1695	1101	1
1695	333	1
1695	537	1
1695	1686	1
1695	2298	1
1695	684	1
1695	1374	1
1695	1204	1
1695	1160	1
1695	954	1
1695	569	1
1695	986	1
1695	499	1
1695	1866	1
1695	488	1
1695	842	1
1695	1488	1
1695	741	1
1695	1614	1
1695	17	1
1695	373	1
1695	1520	1
1696	2415	1
1696	1421	1
1696	2073	1
1696	255	1
1696	1459	1
1696	1605	1
1696	1469	1
1696	1998	1
1696	2437	1
1696	2347	1
1696	1033	1
1696	1686	1
1696	1374	1
1696	1098	1
1696	2321	1
1696	2005	1
1696	1830	1
1696	85	1
1696	1253	1
1696	749	1
1696	1149	1
1696	1865	1
1696	1933	1
1696	1789	1
1696	1873	1
1696	78	1
1696	2092	1
1696	682	1
1696	129	1
1696	1941	1
1696	2157	1
1696	1462	1
1696	1524	1
1696	356	1
1696	719	1
1696	1557	1
1696	2343	1
1696	469	1
1696	1052	1
1696	334	1
1696	741	1
1696	1218	1
1696	1552	1
1696	373	1
1696	309	1
1696	1294	1
1696	1677	1
1696	1746	1
1696	635	1
1696	2119	1
1696	1166	1
1696	1426	1
1696	2049	1
1696	1632	1
1697	140	1
1697	1478	1
1697	86	1
1697	200	1
1697	303	1
1697	1331	1
1697	666	1
1697	1231	1
1697	712	1
1697	497	1
1697	1557	1
1697	334	1
1697	1564	1
1697	768	1
1697	1255	1
1697	151	1
1697	1458	1
1697	1444	1
1697	1327	1
1698	1380	1
1698	1402	1
1698	1801	1
1698	22	1
1698	1557	1
1698	239	1
1699	922	1
1699	1686	1
1699	1050	1
1699	1830	1
1699	2383	1
1699	1941	1
1699	442	1
1699	2304	1
1699	1581	1
1700	1403	1
1700	1421	1
1700	684	1
1700	1314	1
1700	1946	1
1700	1204	1
1700	2383	1
1700	1172	1
1700	1149	1
1700	954	1
1700	1131	1
1700	1540	1
1700	1014	1
1700	334	1
1700	62	1
1700	917	1
1700	272	1
1700	2375	1
1701	989	1
1701	887	1
1701	455	1
1701	1686	1
1701	684	1
1701	1445	1
1701	2383	1
1701	806	1
1701	93	1
1701	80	1
1701	365	1
1701	1052	1
1701	842	1
1701	334	1
1701	741	1
1701	2304	1
1701	62	1
1702	1374	1
1702	1253	1
1702	842	1
1702	741	1
1702	1581	1
1703	875	1
1703	333	1
1703	1469	1
1703	1720	1
1703	2347	1
1703	807	1
1703	1033	1
1703	1051	1
1703	597	1
1703	1479	1
1703	1374	1
1703	1103	1
1703	2368	1
1703	2231	1
1703	1204	1
1703	293	1
1703	1256	1
1703	2100	1
1703	2221	1
1703	2416	1
1703	653	1
1703	530	1
1703	1769	1
1703	2042	1
1703	2195	1
1703	81	1
1703	794	1
1703	339	1
1703	2092	1
1703	954	1
1703	2157	1
1703	837	1
1703	1540	1
1703	728	1
1703	784	1
1703	510	1
1703	2051	1
1703	842	1
1703	113	1
1703	334	1
1703	741	1
1703	1279	1
1703	1736	1
1703	1581	1
1703	62	1
1703	1458	1
1703	2017	1
1703	1287	1
1703	1687	1
1703	504	1
1703	1987	1
1703	1426	1
1704	954	1
1704	22	1
1704	1956	1
1705	875	1
1705	1686	1
1705	684	1
1705	1253	1
1705	842	1
1706	684	1
1706	741	1
1707	867	1
1707	784	1
1707	1386	1
1707	1557	1
1707	842	1
1707	1581	1
1708	937	1
1708	875	1
1708	675	1
1708	455	1
1708	1469	1
1708	1686	1
1708	1380	1
1708	684	1
1708	2321	1
1708	1253	1
1708	1215	1
1708	1149	1
1708	80	1
1708	682	1
1708	2157	1
1708	307	1
1708	784	1
1708	842	1
1708	334	1
1708	741	1
1708	1744	1
1708	17	1
1708	62	1
1708	438	1
1709	1797	1
1709	1875	1
1709	2247	1
1709	2377	1
1709	2306	1
1709	1003	1
1709	1232	1
1709	452	1
1709	1937	1
1709	1469	1
1709	1694	1
1709	2347	1
1709	2422	1
1709	424	1
1709	1312	1
1709	547	1
1709	1056	1
1709	684	1
1709	1374	1
1709	1098	1
1709	1204	1
1709	1876	1
1709	1050	1
1709	1253	1
1709	1680	1
1709	1721	1
1709	2383	1
1709	1584	1
1709	331	1
1709	557	1
1709	2176	1
1709	2427	1
1709	1941	1
1709	1088	1
1709	894	1
1709	2241	1
1709	842	1
1709	741	1
1709	1564	1
1709	1736	1
1709	1783	1
1709	256	1
1709	373	1
1709	1242	1
1709	1652	1
1709	438	1
1709	944	1
1709	1076	1
1709	1624	1
1710	1729	1
1710	333	1
1710	537	1
1710	467	1
1710	1059	1
1710	1374	1
1710	874	1
1710	1253	1
1710	1941	1
1710	842	1
1710	741	1
1710	603	1
1711	1232	1
1711	1050	1
1711	1941	1
1711	842	1
1712	626	1
1712	1119	1
1712	473	1
1712	2247	1
1712	875	1
1712	2215	1
1712	2121	1
1712	2079	1
1712	2058	1
1712	455	1
1712	560	1
1712	2347	1
1712	283	1
1712	518	1
1712	807	1
1712	1059	1
1712	651	1
1712	101	1
1712	1050	1
1712	910	1
1712	1568	1
1712	2267	1
1712	995	1
1712	303	1
1712	2383	1
1712	653	1
1712	131	1
1712	674	1
1712	1796	1
1712	2285	1
1712	307	1
1712	1210	1
1712	1088	1
1712	1790	1
1712	859	1
1712	889	1
1712	1508	1
1712	62	1
1712	1771	1
1712	1209	1
1712	603	1
1712	53	1
1712	376	1
1713	1797	1
1713	2169	1
1713	2247	1
1713	2121	1
1713	675	1
1713	2347	1
1713	1686	1
1713	1312	1
1713	1362	1
1713	910	1
1713	749	1
1713	2097	1
1713	567	1
1713	1244	1
1713	1109	1
1713	1420	1
1713	842	1
1713	741	1
1713	889	1
1713	2304	1
1713	438	1
1713	1922	1
1714	1050	1
1714	303	1
1714	653	1
1714	1941	1
1715	2169	1
1715	1729	1
1715	1232	1
1715	2347	1
1715	1686	1
1715	467	1
1715	684	1
1715	1059	1
1715	1374	1
1715	2231	1
1715	314	1
1715	1050	1
1715	303	1
1715	653	1
1715	1109	1
1715	1019	1
1715	1776	1
1716	989	1
1716	2186	1
1716	1875	1
1716	1469	1
1716	1236	1
1716	2347	1
1716	1686	1
1716	1103	1
1716	2184	1
1716	1253	1
1716	2383	1
1716	395	1
1716	653	1
1716	287	1
1716	80	1
1716	682	1
1716	2157	1
1716	2402	1
1716	1052	1
1716	842	1
1716	334	1
1716	741	1
1716	1736	1
1716	17	1
1716	62	1
1717	1633	1
1717	2347	1
1717	1686	1
1717	467	1
1717	1098	1
1717	1204	1
1717	631	1
1717	1277	1
1717	303	1
1717	653	1
1717	954	1
1717	1941	1
1717	2157	1
1717	1386	1
1717	842	1
1717	334	1
1717	1581	1
1718	853	1
1718	1729	1
1718	1232	1
1718	2347	1
1718	537	1
1718	1059	1
1718	2180	1
1718	1253	1
1718	867	1
1718	1584	1
1718	1019	1
1718	1488	1
1718	247	1
1718	62	1
1719	1686	1
1719	1380	1
1719	395	1
1719	1769	1
1719	954	1
1719	2343	1
1719	842	1
1719	334	1
1720	1421	1
1720	1380	1
1720	3	1
1720	1540	1
1720	1231	1
1720	784	1
1720	1386	1
1720	1557	1
1720	1613	1
1721	1998	1
1721	2347	1
1721	684	1
1721	1933	1
1721	954	1
1722	1686	1
1722	467	1
1722	1050	1
1722	682	1
1722	2157	1
1722	842	1
1722	334	1
1722	62	1
1722	917	1
1723	875	1
1723	1469	1
1723	1236	1
1723	1686	1
1723	684	1
1723	1253	1
1723	741	1
1724	1101	1
1724	1232	1
1724	333	1
1724	1686	1
1724	1256	1
1724	1830	1
1724	653	1
1724	331	1
1724	954	1
1724	842	1
1724	741	1
1724	17	1
1725	2186	1
1725	1875	1
1725	455	1
1725	2347	1
1725	684	1
1725	1204	1
1725	1277	1
1725	395	1
1725	2092	1
1725	784	1
1725	1386	1
1725	842	1
1725	334	1
1725	1744	1
1725	2304	1
1726	1101	1
1726	875	1
1726	333	1
1726	1351	1
1726	1236	1
1726	537	1
1726	1204	1
1726	2098	1
1726	749	1
1726	1575	1
1726	1941	1
1726	1956	1
1726	741	1
1726	2198	1
1726	1458	1
1726	535	1
1726	902	1
1726	1300	1
1727	1686	1
1727	684	1
1727	1253	1
1727	1941	1
1727	842	1
1727	62	1
1728	1232	1
1728	333	1
1728	2347	1
1728	760	1
1728	684	1
1728	1050	1
1728	1776	1
1729	2169	1
1729	1232	1
1729	1204	1
1729	1941	1
1729	1776	1
1730	458	1
1730	2347	1
1730	1686	1
1730	684	1
1730	1228	1
1730	1374	1
1730	1098	1
1730	1173	1
1730	2383	1
1730	2157	1
1730	1109	1
1730	741	1
1730	214	1
1730	373	1
1730	62	1
1730	438	1
1730	572	1
1731	2169	1
1731	1232	1
1731	1469	1
1731	1059	1
1731	1204	1
1731	1050	1
1731	1584	1
1731	1063	1
1731	438	1
1731	1776	1
1732	1739	1
1732	1204	1
1732	867	1
1732	403	1
1732	842	1
1732	256	1
1732	944	1
1732	1883	1
1733	875	1
1733	967	1
1733	1236	1
1733	2347	1
1733	684	1
1733	1253	1
1733	867	1
1733	395	1
1733	749	1
1733	1994	1
1733	2157	1
1733	573	1
1733	442	1
1733	842	1
1733	741	1
1733	62	1
1733	1677	1
1733	1300	1
1734	333	1
1734	307	1
1734	741	1
1734	49	1
1735	1101	1
1735	255	1
1735	1232	1
1735	809	1
1735	622	1
1735	1694	1
1735	2347	1
1735	537	1
1735	729	1
1735	1033	1
1735	1686	1
1735	2018	1
1735	177	1
1735	2163	1
1735	67	1
1735	0	1
1735	1204	1
1735	874	1
1735	1050	1
1735	1253	1
1735	303	1
1735	749	1
1735	653	1
1735	190	1
1735	1941	1
1735	569	1
1735	1109	1
1735	2237	1
1735	611	1
1735	741	1
1735	1242	1
1735	62	1
1735	1458	1
1735	2166	1
1735	1776	1
1735	1624	1
1736	875	1
1736	2347	1
1736	867	1
1736	303	1
1736	80	1
1736	954	1
1736	1941	1
1736	741	1
1736	62	1
1737	318	1
1737	1319	1
1737	1875	1
1737	255	1
1737	306	1
1737	1232	1
1737	596	1
1737	675	1
1737	1694	1
1737	2347	1
1737	1033	1
1737	1124	1
1737	1739	1
1737	0	1
1737	1050	1
1737	1057	1
1737	303	1
1737	1598	1
1737	749	1
1737	2333	1
1737	653	1
1737	813	1
1737	1936	1
1737	2430	1
1737	1941	1
1737	1871	1
1737	1109	1
1737	842	1
1737	1019	1
1737	741	1
1737	911	1
1737	383	1
1737	2275	1
1737	17	1
1737	256	1
1737	2112	1
1737	438	1
1737	2216	1
1737	2334	1
1737	1677	1
1737	686	1
1737	273	1
1737	1987	1
1737	38	1
1738	2169	1
1738	255	1
1738	2347	1
1738	684	1
1738	1050	1
1738	303	1
1738	395	1
1738	749	1
1738	1584	1
1738	1063	1
1738	741	1
1738	438	1
1739	479	1
1739	1959	1
1739	1729	1
1739	2347	1
1739	2052	1
1739	537	1
1739	1750	1
1739	2180	1
1739	1253	1
1739	1584	1
1739	794	1
1739	1160	1
1739	240	1
1739	2237	1
1739	1780	1
1739	370	1
1739	842	1
1739	741	1
1739	934	1
1739	2350	1
1739	256	1
1739	603	1
1740	1050	1
1740	125	1
1740	1941	1
1740	741	1
1740	1242	1
1740	62	1
1741	2132	1
1741	1101	1
1741	922	1
1741	333	1
1741	675	1
1741	2347	1
1741	1686	1
1741	1059	1
1741	1050	1
1741	1830	1
1741	1253	1
1741	1893	1
1741	125	1
1741	557	1
1741	794	1
1741	1841	1
1741	1936	1
1741	2092	1
1741	2157	1
1741	3	1
1741	569	1
1741	784	1
1741	1109	1
1741	1063	1
1741	348	1
1741	225	1
1741	2051	1
1741	842	1
1741	1488	1
1741	741	1
1741	17	1
1741	2443	1
1741	272	1
1741	2216	1
1741	1776	1
1741	1071	1
1742	433	1
1742	1232	1
1742	333	1
1742	1694	1
1742	2347	1
1742	537	1
1742	1204	1
1742	200	1
1742	867	1
1742	653	1
1742	1575	1
1742	794	1
1742	2157	1
1742	996	1
1742	1540	1
1742	2369	1
1742	1088	1
1742	1956	1
1742	842	1
1742	741	1
1742	62	1
1742	736	1
1743	1101	1
1743	1875	1
1743	255	1
1743	333	1
1743	537	1
1743	1686	1
1743	2162	1
1743	1253	1
1743	1046	1
1743	591	1
1743	1575	1
1743	1540	1
1743	1348	1
1743	712	1
1743	1488	1
1743	741	1
1743	62	1
1744	626	1
1744	1875	1
1744	2169	1
1744	2247	1
1744	1232	1
1744	2347	1
1744	1228	1
1744	1374	1
1744	2231	1
1744	1204	1
1744	874	1
1744	840	1
1744	1050	1
1744	1143	1
1744	1721	1
1744	1936	1
1744	1941	1
1744	569	1
1744	348	1
1744	1783	1
1744	17	1
1744	1242	1
1744	438	1
1744	2271	1
1745	937	1
1745	1403	1
1745	1686	1
1745	684	1
1745	1999	1
1745	1021	1
1745	1253	1
1745	867	1
1745	1046	1
1745	1215	1
1745	1149	1
1745	778	1
1745	1601	1
1745	842	1
1745	1019	1
1745	741	1
1745	934	1
1745	2361	1
1745	654	1
1745	1581	1
1745	533	1
1745	62	1
1745	808	1
1745	535	1
1746	1729	1
1746	1232	1
1746	283	1
1746	1651	1
1746	537	1
1746	2180	1
1746	1253	1
1746	653	1
1746	1929	1
1746	1941	1
1746	1866	1
1746	62	1
1746	736	1
1746	2230	1
1747	1421	1
1747	560	1
1747	1998	1
1747	2347	1
1747	1686	1
1747	2298	1
1747	684	1
1747	1374	1
1747	1050	1
1747	1215	1
1747	80	1
1747	954	1
1747	2157	1
1747	2343	1
1747	842	1
1747	1544	1
1747	741	1
1747	49	1
1747	1581	1
1747	736	1
1747	635	1
1747	2083	1
1748	937	1
1748	1033	1
1748	698	1
1748	1390	1
1748	684	1
1748	577	1
1748	1098	1
1748	2321	1
1748	1384	1
1748	1256	1
1748	2267	1
1748	1215	1
1748	653	1
1748	1769	1
1748	682	1
1748	236	1
1748	954	1
1748	2157	1
1748	2332	1
1748	1601	1
1748	837	1
1748	1557	1
1748	842	1
1748	113	1
1748	741	1
1748	373	1
1748	62	1
1748	635	1
1748	2119	1
1749	1875	1
1749	967	1
1749	1236	1
1749	2347	1
1749	1686	1
1749	1374	1
1749	1830	1
1749	1253	1
1749	842	1
1749	741	1
1749	62	1
1749	2216	1
1750	1050	1
1750	438	1
1750	1776	1
1751	1694	1
1751	1312	1
1751	1059	1
1751	958	1
1751	1584	1
1751	557	1
1751	1936	1
1751	1109	1
1751	348	1
1751	1783	1
1752	61	1
1752	1162	1
1752	875	1
1752	1232	1
1752	1943	1
1752	1733	1
1752	333	1
1752	1694	1
1752	424	1
1752	1312	1
1752	1059	1
1752	337	1
1752	557	1
1752	1678	1
1752	1941	1
1752	2285	1
1752	364	1
1752	679	1
1752	1109	1
1752	2161	1
1752	1776	1
1752	680	1
1752	1076	1
1753	1763	1
1753	1232	1
1753	1925	1
1753	958	1
1753	1941	1
1753	1541	1
1753	1109	1
1753	348	1
1753	2216	1
1754	333	1
1754	1925	1
1754	194	1
1754	670	1
1754	1636	1
1754	373	1
1754	29	1
1754	2216	1
1755	1729	1
1755	2377	1
1755	1232	1
1755	333	1
1755	2206	1
1755	1013	1
1755	653	1
1755	1109	1
1755	348	1
1755	539	1
1755	741	1
1755	38	1
1756	1925	1
1756	2097	1
1756	1941	1
1756	1109	1
1756	348	1
1756	438	1
1756	1076	1
1757	783	1
1757	1729	1
1757	1232	1
1757	729	1
1757	1059	1
1757	958	1
1757	1941	1
1757	1019	1
1757	741	1
1757	17	1
1757	1076	1
1758	1729	1
1758	1232	1
1758	1109	1
1759	684	1
1759	954	1
1759	842	1
1759	334	1
1759	917	1
1760	1686	1
1760	2092	1
1760	1557	1
1760	256	1
1760	2119	1
1761	937	1
1761	1686	1
1761	1557	1
1761	842	1
1761	334	1
1761	62	1
1762	455	1
1762	684	1
1762	1050	1
1762	307	1
1763	875	1
1763	1686	1
1763	1830	1
1763	1253	1
1763	1215	1
1763	954	1
1763	240	1
1763	741	1
1763	62	1
1763	2216	1
1763	1287	1
1763	2375	1
1764	1686	1
1764	684	1
1764	2321	1
1764	307	1
1764	334	1
1765	1403	1
1765	875	1
1765	684	1
1765	249	1
1765	1253	1
1765	2383	1
1765	1149	1
1765	648	1
1765	2404	1
1765	741	1
1765	95	1
1765	1786	1
1765	438	1
1765	1502	1
1766	2169	1
1766	875	1
1766	333	1
1766	455	1
1766	1686	1
1766	1830	1
1766	867	1
1766	2157	1
1766	741	1
1767	1797	1
1767	675	1
1767	1236	1
1767	1374	1
1767	1103	1
1767	293	1
1767	1425	1
1767	682	1
1767	2157	1
1767	691	1
1767	373	1
1768	333	1
1768	1469	1
1768	1380	1
1768	684	1
1768	3	1
1768	1088	1
1768	1718	1
1768	842	1
1768	741	1
1768	1744	1
1768	2304	1
1768	62	1
1769	1713	1
1769	1374	1
1769	2383	1
1770	1686	1
1770	1374	1
1770	2321	1
1770	1256	1
1770	1808	1
1770	725	1
1770	303	1
1770	2383	1
1770	2157	1
1770	576	1
1770	1088	1
1770	842	1
1771	675	1
1771	1739	1
1771	1374	1
1771	1384	1
1771	2383	1
1771	1149	1
1771	2092	1
1771	334	1
1771	1856	1
1772	1797	1
1772	875	1
1772	1469	1
1772	1686	1
1772	1228	1
1772	1256	1
1772	1253	1
1772	653	1
1772	307	1
1772	741	1
1772	2304	1
1772	373	1
1772	438	1
1773	1232	1
1773	1469	1
1773	2347	1
1773	1686	1
1773	467	1
1773	1228	1
1773	2321	1
1773	1256	1
1773	1050	1
1773	2383	1
1773	653	1
1773	954	1
1773	1941	1
1773	842	1
1774	1787	1
1774	1067	1
1774	2383	1
1774	1769	1
1774	2092	1
1774	1131	1
1774	1557	1
1774	334	1
1774	1736	1
1774	256	1
1774	2218	1
1774	1287	1
1775	1686	1
1775	1277	1
1775	1769	1
1775	2157	1
1775	334	1
1775	1736	1
1775	95	1
1775	1581	1
1775	62	1
1775	1287	1
1776	1277	1
1776	2419	1
1776	1769	1
1776	2157	1
1776	1088	1
1777	1686	1
1777	2157	1
1777	842	1
1777	334	1
1778	50	1
1778	517	1
1778	675	1
1778	455	1
1778	2347	1
1778	684	1
1778	1425	1
1778	1253	1
1778	867	1
1778	2419	1
1778	1417	1
1778	682	1
1778	2157	1
1778	1386	1
1778	842	1
1778	1581	1
1778	62	1
1778	1525	1
1779	887	1
1779	684	1
1779	1253	1
1779	1277	1
1779	1769	1
1779	954	1
1779	1052	1
1779	95	1
1779	1581	1
1779	62	1
1779	8	1
1780	1232	1
1780	967	1
1780	446	1
1780	1686	1
1780	681	1
1780	1103	1
1780	2419	1
1780	993	1
1780	682	1
1780	1941	1
1780	842	1
1780	741	1
1780	693	1
1780	2371	1
1780	1458	1
1780	917	1
1780	2216	1
1780	2375	1
1780	535	1
1781	455	1
1781	684	1
1781	1374	1
1781	303	1
1781	1769	1
1781	954	1
1781	842	1
1781	334	1
1781	741	1
1781	62	1
1782	684	1
1782	1253	1
1782	1769	1
1782	954	1
1782	115	1
1782	842	1
1782	334	1
1782	1458	1
1783	1797	1
1783	875	1
1783	675	1
1783	455	1
1783	1474	1
1783	446	1
1783	2347	1
1783	1686	1
1783	1772	1
1783	2298	1
1783	1115	1
1783	1204	1
1783	952	1
1783	1830	1
1783	1253	1
1783	2383	1
1783	2419	1
1783	1271	1
1783	1828	1
1783	1769	1
1783	240	1
1783	2343	1
1783	842	1
1783	62	1
1783	8	1
1783	438	1
1783	1287	1
1783	2375	1
1783	1677	1
1783	1502	1
1784	684	1
1784	2321	1
1784	307	1
1784	1342	1
1784	30	1
1785	1686	1
1785	684	1
1785	842	1
1785	334	1
1786	1686	1
1786	684	1
1786	749	1
1786	1557	1
1787	875	1
1787	1204	1
1787	1581	1
1788	2205	1
1788	1469	1
1788	1713	1
1788	1686	1
1788	707	1
1788	1149	1
1788	954	1
1788	307	1
1788	49	1
1788	373	1
1788	272	1
1788	1551	1
1788	2375	1
1788	1856	1
1789	455	1
1789	1469	1
1789	1713	1
1789	1686	1
1789	1374	1
1789	2321	1
1789	1149	1
1789	1136	1
1789	373	1
1789	62	1
1789	1856	1
1790	1797	1
1790	50	1
1790	675	1
1790	967	1
1790	1236	1
1790	1686	1
1790	926	1
1790	293	1
1790	395	1
1790	1046	1
1790	2419	1
1790	1086	1
1790	2090	1
1790	1676	1
1790	576	1
1790	1088	1
1790	379	1
1790	842	1
1790	334	1
1790	1736	1
1790	2216	1
1790	1687	1
1790	1009	1
1790	535	1
1790	1502	1
1791	1686	1
1791	684	1
1791	1215	1
1792	989	1
1792	1403	1
1792	875	1
1792	333	1
1792	1422	1
1792	675	1
1792	1469	1
1792	1694	1
1792	2347	1
1792	1033	1
1792	1686	1
1792	1374	1
1792	644	1
1792	1256	1
1792	1253	1
1792	653	1
1792	1725	1
1792	93	1
1792	2092	1
1792	691	1
1792	1601	1
1792	1931	1
1792	356	1
1792	842	1
1792	1825	1
1792	1736	1
1792	62	1
1792	124	1
1792	272	1
1792	1551	1
1792	2216	1
1792	1009	1
1792	1465	1
1792	1886	1
1792	1426	1
1793	455	1
1793	1686	1
1793	684	1
1793	954	1
1794	1891	1
1794	1633	1
1794	875	1
1794	1253	1
1794	2383	1
1794	1769	1
1794	2332	1
1794	307	1
1794	1019	1
1794	587	1
1794	1426	1
1794	1525	1
1795	1797	1
1795	675	1
1795	1469	1
1795	681	1
1795	1103	1
1795	1685	1
1795	2231	1
1795	707	1
1795	2419	1
1795	682	1
1795	379	1
1795	463	1
1795	253	1
1795	1571	1
1796	937	1
1796	1101	1
1796	508	1
1796	875	1
1796	1711	1
1796	333	1
1796	1998	1
1796	2347	1
1796	1686	1
1796	1374	1
1796	1021	1
1796	1204	1
1796	293	1
1796	1830	1
1796	831	1
1796	1253	1
1796	954	1
1796	1941	1
1796	1097	1
1796	66	1
1796	2157	1
1796	307	1
1796	1088	1
1796	1302	1
1796	334	1
1796	49	1
1796	693	1
1796	2216	1
1796	2375	1
1796	1746	1
1796	1525	1
1797	675	1
1797	684	1
1797	1050	1
1797	1088	1
1798	675	1
1798	1550	1
1798	684	1
1798	1256	1
1798	2383	1
1798	395	1
1798	1271	1
1798	2092	1
1798	954	1
1798	2157	1
1798	334	1
1798	2304	1
1798	1287	1
1798	2375	1
1798	30	1
1799	1686	1
1799	684	1
1799	1644	1
1799	842	1
1799	1544	1
1800	455	1
1800	967	1
1800	1686	1
1800	1261	1
1800	1253	1
1800	2419	1
1800	80	1
1800	954	1
1800	307	1
1800	379	1
1800	334	1
1800	741	1
1800	253	1
1800	2216	1
1800	466	1
1801	50	1
1801	653	1
1801	954	1
1801	307	1
1801	1154	1
1801	842	1
1801	334	1
1801	62	1
1801	535	1
1802	875	1
1802	675	1
1802	1686	1
1802	684	1
1802	1103	1
1802	1149	1
1802	62	1
1803	1797	1
1803	1252	1
1803	50	1
1803	1686	1
1803	684	1
1803	681	1
1803	1253	1
1803	303	1
1803	1149	1
1803	1769	1
1803	682	1
1803	2157	1
1803	379	1
1803	334	1
1803	1736	1
1803	1687	1
1804	1469	1
1804	1686	1
1804	1374	1
1804	2092	1
1804	842	1
1804	62	1
1805	296	1
1805	449	1
1805	1686	1
1805	1374	1
1805	1253	1
1805	303	1
1805	653	1
1805	576	1
1805	225	1
1805	842	1
1805	62	1
1805	2216	1
1806	1797	1
1806	2191	1
1806	2383	1
1806	1046	1
1806	576	1
1806	373	1
1807	1686	1
1807	1021	1
1807	293	1
1807	80	1
1807	307	1
1807	2051	1
1807	842	1
1807	334	1
1807	1744	1
1807	1581	1
1808	887	1
1808	1469	1
1808	2347	1
1808	2298	1
1808	1390	1
1808	684	1
1808	1204	1
1808	1253	1
1808	867	1
1808	1769	1
1808	3	1
1808	240	1
1808	1088	1
1808	784	1
1808	1557	1
1808	334	1
1808	741	1
1808	1744	1
1808	2304	1
1808	1581	1
1808	62	1
1808	8	1
1808	1044	1
1808	1287	1
1809	2409	1
1809	875	1
1809	1261	1
1809	293	1
1809	1830	1
1809	1425	1
1809	1253	1
1809	1769	1
1809	78	1
1809	2051	1
1809	334	1
1809	373	1
1809	2216	1
1810	937	1
1810	508	1
1810	1421	1
1810	684	1
1810	867	1
1810	395	1
1810	682	1
1810	3	1
1810	1601	1
1810	784	1
1810	1557	1
1810	2343	1
1810	842	1
1810	62	1
1810	2119	1
1811	2415	1
1811	875	1
1811	1827	1
1811	675	1
1811	455	1
1811	967	1
1811	1236	1
1811	1686	1
1811	1479	1
1811	1644	1
1811	1204	1
1811	1050	1
1811	930	1
1811	2267	1
1811	1830	1
1811	1253	1
1811	2383	1
1811	1046	1
1811	1271	1
1811	2090	1
1811	794	1
1811	1213	1
1811	1417	1
1811	1873	1
1811	287	1
1811	2308	1
1811	954	1
1811	2157	1
1811	784	1
1811	2343	1
1811	379	1
1811	842	1
1811	334	1
1811	741	1
1811	2304	1
1811	49	1
1811	95	1
1811	62	1
1811	693	1
1811	909	1
1811	2170	1
1811	438	1
1811	2216	1
1811	1746	1
1812	875	1
1812	1686	1
1812	684	1
1812	2383	1
1813	875	1
1813	1686	1
1813	2321	1
1813	1256	1
1813	1445	1
1813	1277	1
1813	2383	1
1813	395	1
1813	285	1
1813	530	1
1813	1769	1
1813	1557	1
1813	334	1
1813	741	1
1813	49	1
1813	181	1
1813	1287	1
1813	1342	1
1814	1797	1
1814	937	1
1814	882	1
1814	989	1
1814	865	1
1814	1702	1
1814	1421	1
1814	50	1
1814	922	1
1814	875	1
1814	967	1
1814	446	1
1814	2347	1
1814	698	1
1814	681	1
1814	926	1
1814	2321	1
1814	952	1
1814	293	1
1814	1011	1
1814	1830	1
1814	1253	1
1814	2419	1
1814	749	1
1814	653	1
1814	1149	1
1814	1828	1
1814	1769	1
1814	954	1
1814	1941	1
1814	1636	1
1814	307	1
1814	1168	1
1814	2241	1
1814	2343	1
1814	2051	1
1814	379	1
1814	334	1
1814	741	1
1814	1619	1
1814	181	1
1814	373	1
1814	736	1
1814	917	1
1814	2216	1
1814	1287	1
1814	1198	1
1814	30	1
1815	589	1
1815	815	1
1815	2383	1
1815	2092	1
1815	917	1
1815	1225	1
1815	2375	1
1815	2307	1
1816	1891	1
1816	1686	1
1816	1051	1
1816	684	1
1816	1256	1
1817	1633	1
1817	684	1
1817	1228	1
1818	1633	1
1818	1050	1
1818	17	1
1819	684	1
1819	954	1
1819	842	1
1819	741	1
1820	2409	1
1820	293	1
1820	1386	1
1820	1581	1
1821	1686	1
1821	1739	1
1821	983	1
1821	1228	1
1821	2273	1
1821	1204	1
1821	2383	1
1821	2157	1
1821	1386	1
1821	842	1
1821	1744	1
1821	373	1
1822	937	1
1822	1421	1
1822	2298	1
1822	1374	1
1822	1103	1
1822	2321	1
1822	303	1
1822	2092	1
1822	205	1
1822	1941	1
1822	2157	1
1822	334	1
1822	1746	1
1822	2119	1
1823	523	1
1823	2227	1
1823	2436	1
1823	27	1
1823	793	1
1823	1155	1
1823	737	1
1823	741	1
1823	2361	1
1823	533	1
1823	587	1
1823	808	1
1824	875	1
1824	1469	1
1824	537	1
1824	1686	1
1824	1374	1
1824	1253	1
1824	842	1
1824	256	1
1824	62	1
1824	693	1
1824	2216	1
1825	684	1
1825	1253	1
1825	2092	1
1825	62	1
1825	1677	1
1826	1875	1
1826	675	1
1826	455	1
1826	2347	1
1826	2092	1
1826	842	1
1826	741	1
1826	1736	1
1826	1746	1
1827	1584	1
1827	2092	1
1828	989	1
1828	1119	1
1828	865	1
1828	1875	1
1828	470	1
1828	2347	1
1828	1686	1
1828	684	1
1828	1644	1
1828	1204	1
1828	1256	1
1828	1830	1
1828	1253	1
1828	1964	1
1828	842	1
1828	334	1
1828	741	1
1828	1736	1
1828	62	1
1828	1287	1
1829	2169	1
1829	1694	1
1829	1204	1
1829	867	1
1829	145	1
1829	80	1
1829	954	1
1829	1941	1
1829	784	1
1829	842	1
1829	1581	1
1829	1416	1
1829	635	1
1829	2119	1
1830	1470	1
1830	1910	1
1830	1891	1
1830	2169	1
1830	333	1
1830	675	1
1830	1469	1
1830	1694	1
1830	0	1
1830	1134	1
1830	1050	1
1830	2319	1
1830	867	1
1830	395	1
1830	1514	1
1830	2097	1
1830	1417	1
1830	555	1
1830	80	1
1830	236	1
1830	2127	1
1830	954	1
1830	2299	1
1830	731	1
1830	442	1
1830	611	1
1830	1744	1
1830	2304	1
1830	181	1
1830	1581	1
1830	2161	1
1830	62	1
1830	1287	1
1830	504	1
1830	1597	1
1830	2293	1
1831	807	1
1831	1686	1
1831	1380	1
1831	684	1
1831	2383	1
1831	2080	1
1831	1941	1
1831	1130	1
1831	307	1
1831	938	1
1831	463	1
1831	1856	1
1832	1694	1
1832	1686	1
1832	684	1
1832	1536	1
1832	384	1
1832	364	1
1832	348	1
1833	875	1
1833	333	1
1833	1054	1
1833	227	1
1833	1686	1
1833	684	1
1833	2225	1
1833	2305	1
1833	1204	1
1833	867	1
1833	1721	1
1833	2097	1
1833	1540	1
1833	784	1
1833	1581	1
1833	535	1
1833	2119	1
1834	255	1
1834	1232	1
1834	333	1
1834	455	1
1834	1469	1
1834	1694	1
1834	1713	1
1834	807	1
1834	1380	1
1834	467	1
1834	684	1
1834	0	1
1834	707	1
1834	149	1
1834	258	1
1834	190	1
1834	567	1
1834	682	1
1834	683	1
1834	611	1
1834	1744	1
1834	1783	1
1834	62	1
1834	1856	1
1834	2307	1
1835	333	1
1835	1686	1
1835	2319	1
1835	749	1
1835	653	1
1835	1584	1
1835	954	1
1835	1941	1
1836	1232	1
1836	1694	1
1836	729	1
1836	1686	1
1836	653	1
1836	1941	1
1836	805	1
1836	1287	1
1836	808	1
1837	1910	1
1837	1119	1
1837	1101	1
1837	255	1
1837	875	1
1837	1232	1
1837	967	1
1837	2347	1
1837	2052	1
1837	977	1
1837	1686	1
1837	467	1
1837	10	1
1837	1374	1
1837	1103	1
1837	1075	1
1837	0	1
1837	1050	1
1837	2378	1
1837	2267	1
1837	2268	1
1837	1253	1
1837	303	1
1837	1046	1
1837	749	1
1837	1933	1
1837	125	1
1837	190	1
1837	753	1
1837	567	1
1837	146	1
1837	731	1
1837	842	1
1837	741	1
1837	1614	1
1837	1396	1
1837	247	1
1837	1242	1
1837	62	1
1837	1049	1
1837	2017	1
1837	736	1
1837	438	1
1837	2216	1
1837	635	1
1837	434	1
1837	603	1
1837	2313	1
1837	2271	1
1838	1910	1
1838	255	1
1838	875	1
1838	1295	1
1838	2121	1
1838	560	1
1838	684	1
1838	919	1
1838	1050	1
1838	881	1
1838	787	1
1838	2097	1
1838	557	1
1838	45	1
1838	80	1
1838	364	1
1838	348	1
1838	442	1
1838	741	1
1838	2304	1
1838	1783	1
1838	17	1
1838	1581	1
1838	2443	1
1838	680	1
1839	989	1
1839	255	1
1839	1686	1
1839	1812	1
1839	684	1
1839	1228	1
1839	1204	1
1839	1050	1
1839	303	1
1839	1584	1
1839	1866	1
1839	842	1
1839	741	1
1839	1564	1
1839	256	1
1840	875	1
1840	684	1
1840	867	1
1840	352	1
1840	438	1
1840	2216	1
1841	2092	1
1841	1269	1
1841	2361	1
1841	587	1
1842	875	1
1842	1003	1
1842	1232	1
1842	560	1
1842	2347	1
1842	684	1
1842	1256	1
1842	1253	1
1842	881	1
1842	653	1
1842	591	1
1842	91	1
1842	125	1
1842	557	1
1842	954	1
1842	146	1
1842	842	1
1842	741	1
1842	1242	1
1842	2375	1
1842	212	1
1842	1426	1
1843	2205	1
1843	2169	1
1843	255	1
1843	922	1
1843	875	1
1843	1469	1
1843	2359	1
1843	684	1
1843	2267	1
1843	867	1
1843	749	1
1843	653	1
1843	2097	1
1843	557	1
1843	1936	1
1843	80	1
1843	954	1
1843	784	1
1843	1237	1
1843	1744	1
1843	28	1
1843	2304	1
1843	1581	1
1843	2216	1
1844	2169	1
1844	922	1
1844	875	1
1844	2079	1
1844	675	1
1844	455	1
1844	1837	1
1844	784	1
1844	98	1
1844	348	1
1844	1783	1
1844	1581	1
1844	62	1
1844	438	1
1845	15	1
1845	333	1
1845	614	1
1845	2347	1
1845	1686	1
1845	2376	1
1845	684	1
1845	67	1
1845	1204	1
1845	266	1
1845	2436	1
1845	2397	1
1845	954	1
1845	1097	1
1845	717	1
1845	1928	1
1845	842	1
1845	55	1
1845	1019	1
1845	1269	1
1845	1823	1
1845	2361	1
1845	278	1
1845	411	1
1845	438	1
1845	587	1
1845	2216	1
1845	1287	1
1845	808	1
1845	2193	1
1845	2172	1
1846	1403	1
1846	675	1
1846	446	1
1846	1686	1
1846	684	1
1846	1253	1
1846	2416	1
1846	1046	1
1846	954	1
1846	1557	1
1846	334	1
1846	1290	1
1846	1009	1
1846	535	1
1846	2119	1
1847	875	1
1847	446	1
1847	1051	1
1847	1253	1
1847	2419	1
1847	954	1
1847	1088	1
1847	1736	1
1847	62	1
1847	1458	1
1847	1551	1
1847	535	1
1848	2347	1
1848	303	1
1848	129	1
1848	499	1
1848	1088	1
1848	8	1
1848	917	1
1849	1469	1
1849	2347	1
1849	1713	1
1849	2231	1
1849	1256	1
1849	303	1
1849	1769	1
1849	794	1
1849	954	1
1849	842	1
1849	741	1
1849	17	1
1849	8	1
1849	438	1
1850	937	1
1850	875	1
1850	1469	1
1850	2347	1
1850	1686	1
1850	1380	1
1850	1204	1
1850	1256	1
1850	749	1
1850	653	1
1850	1769	1
1850	78	1
1850	2092	1
1850	1941	1
1850	2157	1
1850	1464	1
1850	1088	1
1850	842	1
1850	334	1
1850	8	1
1850	1287	1
1851	1686	1
1851	684	1
1851	1228	1
1851	1256	1
1851	653	1
1852	1720	1
1852	2100	1
1852	1172	1
1852	660	1
1852	339	1
1852	1540	1
1852	510	1
1852	842	1
1852	151	1
1852	1743	1
1852	551	1
1852	542	1
1852	1476	1
1853	937	1
1853	433	1
1853	333	1
1853	2347	1
1853	760	1
1853	1033	1
1853	1402	1
1853	1374	1
1853	1103	1
1853	2231	1
1853	1204	1
1853	1253	1
1853	1769	1
1853	369	1
1853	2092	1
1853	1941	1
1853	307	1
1853	1557	1
1853	741	1
1853	1736	1
1853	17	1
1853	62	1
1853	8	1
1853	917	1
1853	572	1
1853	2375	1
1854	1232	1
1854	2347	1
1854	467	1
1854	1256	1
1854	794	1
1854	1941	1
1854	2157	1
1854	307	1
1854	1088	1
1854	842	1
1854	334	1
1854	741	1
1855	1729	1
1855	333	1
1855	1469	1
1855	1694	1
1855	1033	1
1855	1686	1
1855	467	1
1855	1098	1
1855	314	1
1855	1050	1
1855	749	1
1855	591	1
1855	190	1
1855	753	1
1855	2407	1
1855	1941	1
1855	2157	1
1855	986	1
1855	348	1
1855	611	1
1855	842	1
1855	373	1
1855	62	1
1855	736	1
1855	2216	1
1855	603	1
1856	1729	1
1856	1232	1
1856	1253	1
1856	1941	1
1857	1729	1
1857	537	1
1857	1253	1
1857	1941	1
1858	1232	1
1858	537	1
1858	467	1
1858	1253	1
1858	1941	1
1858	603	1
1859	1101	1
1859	1003	1
1859	1232	1
1859	281	1
1859	1694	1
1859	1033	1
1859	1686	1
1859	467	1
1859	1050	1
1859	1253	1
1859	591	1
1859	1160	1
1859	1941	1
1860	989	1
1860	1686	1
1860	1228	1
1860	1204	1
1860	1050	1
1860	653	1
1860	842	1
1860	741	1
1860	1581	1
1860	62	1
1861	250	1
1861	1232	1
1861	729	1
1861	1033	1
1861	525	1
1861	424	1
1861	2163	1
1861	1228	1
1861	1050	1
1861	1286	1
1861	1941	1
1861	1244	1
1861	364	1
1861	1109	1
1861	348	1
1861	539	1
1861	2057	1
1861	1677	1
1862	1686	1
1862	1830	1
1862	1581	1
1862	62	1
1863	875	1
1863	807	1
1863	1686	1
1863	1103	1
1863	1098	1
1863	1075	1
1863	1050	1
1863	1830	1
1863	80	1
1863	334	1
1863	741	1
1863	181	1
1863	373	1
1863	1581	1
1863	693	1
1863	572	1
1863	1974	1
1863	1677	1
1864	1119	1
1864	307	1
1864	842	1
1864	741	1
1864	181	1
1864	1581	1
1864	62	1
1865	675	1
1865	455	1
1865	1581	1
1866	2079	1
1866	675	1
1866	455	1
1866	807	1
1866	1686	1
1866	684	1
1866	1098	1
1866	1253	1
1866	591	1
1866	1941	1
1866	1109	1
1866	379	1
1866	741	1
1866	373	1
1866	2057	1
1867	1797	1
1867	2409	1
1867	1312	1
1867	1253	1
1867	17	1
1867	1581	1
1868	1469	1
1868	807	1
1868	537	1
1868	1686	1
1868	1253	1
1868	842	1
1868	1488	1
1868	17	1
1868	1458	1
1869	2186	1
1869	2264	1
1869	875	1
1869	807	1
1869	1033	1
1869	1686	1
1869	684	1
1869	1256	1
1869	1769	1
1869	1254	1
1869	842	1
1869	62	1
1870	875	1
1870	1686	1
1870	983	1
1870	1256	1
1870	1253	1
1870	842	1
1870	373	1
1870	1581	1
1871	1694	1
1871	807	1
1871	1033	1
1871	1228	1
1871	1374	1
1871	1098	1
1871	1568	1
1871	1139	1
1871	303	1
1871	1936	1
1871	80	1
1871	307	1
1871	195	1
1871	348	1
1871	741	1
1871	1783	1
1871	62	1
1871	693	1
1872	1686	1
1872	1581	1
1873	922	1
1873	675	1
1873	807	1
1873	684	1
1873	1830	1
1873	2383	1
1873	208	1
1873	741	1
1873	2304	1
1873	373	1
1873	1581	1
1874	1686	1
1874	684	1
1874	1050	1
1874	80	1
1874	842	1
1874	1581	1
1875	675	1
1875	455	1
1875	712	1
1875	1581	1
1876	2169	1
1876	1540	1
1876	784	1
1876	1386	1
1876	842	1
1877	415	1
1877	0	1
1877	1204	1
1877	1050	1
1878	875	1
1878	807	1
1878	729	1
1878	1253	1
1878	1160	1
1878	842	1
1878	741	1
1878	49	1
1879	675	1
1879	1469	1
1879	1033	1
1879	1686	1
1879	1228	1
1879	1050	1
1879	653	1
1879	842	1
1879	17	1
1879	62	1
1879	2057	1
1879	1677	1
1880	2409	1
1880	1162	1
1880	887	1
1880	1232	1
1880	2079	1
1880	1469	1
1880	1272	1
1880	1694	1
1880	1033	1
1880	1686	1
1880	684	1
1880	2163	1
1880	958	1
1880	1830	1
1880	557	1
1880	1286	1
1880	954	1
1880	1941	1
1880	115	1
1880	1991	1
1880	741	1
1880	2361	1
1880	181	1
1880	17	1
1880	1458	1
1880	917	1
1881	2347	1
1881	2321	1
1881	1256	1
1881	954	1
1881	334	1
1881	181	1
1881	1581	1
1881	1287	1
1882	937	1
1882	1729	1
1882	372	1
1882	1050	1
1882	2250	1
1882	741	1
1882	744	1
1883	455	1
1883	560	1
1883	2347	1
1883	1033	1
1883	1686	1
1883	467	1
1883	1296	1
1883	2267	1
1883	1830	1
1883	303	1
1883	190	1
1883	402	1
1883	1353	1
1883	2250	1
1883	741	1
1883	2330	1
1883	181	1
1883	17	1
1883	572	1
1883	633	1
1883	2077	1
1883	2149	1
1883	273	1
1883	363	1
1884	875	1
1884	2347	1
1884	807	1
1884	1686	1
1884	1050	1
1884	842	1
1885	1101	1
1885	1686	1
1885	1936	1
1885	1286	1
1885	1160	1
1885	569	1
1885	741	1
1885	736	1
1886	1633	1
1886	2169	1
1886	875	1
1886	250	1
1886	2367	1
1886	2215	1
1886	1469	1
1886	1033	1
1886	525	1
1886	1686	1
1886	983	1
1886	1098	1
1886	1050	1
1886	1830	1
1886	653	1
1886	557	1
1886	954	1
1886	2157	1
1886	402	1
1886	1244	1
1886	1961	1
1886	1541	1
1886	364	1
1886	1109	1
1886	348	1
1886	741	1
1886	1455	1
1886	2330	1
1886	181	1
1886	1783	1
1886	17	1
1886	1581	1
1886	2334	1
1886	1677	1
1887	455	1
1887	684	1
1887	1050	1
1887	1277	1
1887	653	1
1887	2157	1
1887	307	1
1887	741	1
1887	1736	1
1887	1581	1
1887	801	1
1887	2105	1
1888	1101	1
1888	1875	1
1888	875	1
1888	1236	1
1888	1694	1
1888	2347	1
1888	1686	1
1888	698	1
1888	1261	1
1888	1204	1
1888	1253	1
1888	303	1
1888	1160	1
1888	115	1
1888	1088	1
1888	842	1
1888	1488	1
1888	247	1
1888	17	1
1888	1581	1
1888	62	1
1888	603	1
1889	1232	1
1889	1469	1
1889	1694	1
1889	2347	1
1889	467	1
1889	684	1
1889	1374	1
1889	1173	1
1889	1253	1
1889	2383	1
1889	395	1
1889	1088	1
1889	842	1
1889	334	1
1889	62	1
1889	438	1
1889	572	1
1890	2169	1
1890	1686	1
1890	1050	1
1890	1253	1
1891	1875	1
1891	875	1
1891	1232	1
1891	333	1
1891	850	1
1891	1469	1
1891	2024	1
1891	2347	1
1891	537	1
1891	1033	1
1891	467	1
1891	1925	1
1891	1059	1
1891	2163	1
1891	1228	1
1891	2152	1
1891	591	1
1891	125	1
1891	1395	1
1891	557	1
1891	190	1
1891	753	1
1891	1941	1
1891	569	1
1891	1088	1
1891	1560	1
1891	842	1
1891	1488	1
1891	741	1
1891	2158	1
1891	654	1
1891	2125	1
1891	373	1
1891	62	1
1891	2216	1
1891	2440	1
1891	2307	1
1892	1875	1
1892	2169	1
1892	2247	1
1892	1729	1
1892	1232	1
1892	809	1
1892	333	1
1892	281	1
1892	1562	1
1892	2360	1
1892	2347	1
1892	2052	1
1892	487	1
1892	1686	1
1892	467	1
1892	1925	1
1892	698	1
1892	0	1
1892	2231	1
1892	1204	1
1892	1253	1
1892	867	1
1892	303	1
1892	591	1
1892	125	1
1892	557	1
1892	190	1
1892	1936	1
1892	567	1
1892	1941	1
1892	2157	1
1892	569	1
1892	1088	1
1892	1109	1
1892	348	1
1892	370	1
1892	1488	1
1892	2418	1
1892	2158	1
1892	654	1
1892	1783	1
1892	1242	1
1892	62	1
1892	736	1
1892	1076	1
1893	1797	1
1893	1101	1
1893	255	1
1893	1358	1
1893	1003	1
1893	1232	1
1893	333	1
1893	2360	1
1893	1694	1
1893	2052	1
1893	1750	1
1893	1033	1
1893	1686	1
1893	467	1
1893	1925	1
1893	2180	1
1893	1098	1
1893	1050	1
1893	749	1
1893	125	1
1893	1903	1
1893	753	1
1893	1160	1
1893	1941	1
1893	1088	1
1893	842	1
1893	1488	1
1893	1614	1
1893	2125	1
1893	1146	1
1893	62	1
1893	736	1
1893	1219	1
1894	832	1
1894	2090	1
1894	334	1
1894	1736	1
1894	1581	1
1894	29	1
1894	2443	1
1894	902	1
1894	1325	1
1895	2205	1
1895	989	1
1895	1910	1
1895	783	1
1895	1119	1
1895	2132	1
1895	1101	1
1895	433	1
1895	255	1
1895	875	1
1895	2377	1
1895	1003	1
1895	1232	1
1895	1774	1
1895	243	1
1895	1174	1
1895	2360	1
1895	967	1
1895	1236	1
1895	1694	1
1895	1938	1
1895	2347	1
1895	487	1
1895	537	1
1895	525	1
1895	1686	1
1895	424	1
1895	1312	1
1895	467	1
1895	1925	1
1895	1563	1
1895	1059	1
1895	104	1
1895	337	1
1895	958	1
1895	1644	1
1895	1103	1
1895	1098	1
1895	1075	1
1895	651	1
1895	1173	1
1895	1204	1
1895	2280	1
1895	874	1
1895	2152	1
1895	1256	1
1895	1050	1
1895	1400	1
1895	1830	1
1895	2098	1
1895	1253	1
1895	303	1
1895	2383	1
1895	749	1
1895	2393	1
1895	2196	1
1895	468	1
1895	936	1
1895	557	1
1895	1969	1
1895	1676	1
1895	1903	1
1895	190	1
1895	753	1
1895	1081	1
1895	1701	1
1895	954	1
1895	115	1
1895	2398	1
1895	240	1
1895	569	1
1895	307	1
1895	1866	1
1895	1088	1
1895	348	1
1895	1560	1
1895	1420	1
1895	370	1
1895	611	1
1895	859	1
1895	842	1
1895	1019	1
1895	741	1
1895	1587	1
1895	1614	1
1895	1736	1
1895	49	1
1895	549	1
1895	24	1
1895	247	1
1895	373	1
1895	1242	1
1895	62	1
1895	1458	1
1895	494	1
1895	736	1
1895	2443	1
1895	572	1
1895	2216	1
1895	2375	1
1895	772	1
1895	1974	1
1895	1776	1
1895	2307	1
1896	333	1
1896	2347	1
1896	2312	1
1896	115	1
1896	1540	1
1896	1019	1
1896	2361	1
1896	17	1
1896	62	1
1897	1050	1
1898	1050	1
1898	917	1
1898	438	1
1899	1050	1
1899	1830	1
1899	1253	1
1899	842	1
1899	741	1
1900	1101	1
1900	1875	1
1900	333	1
1900	1694	1
1900	684	1
1900	0	1
1900	1277	1
1900	749	1
1900	1160	1
1900	2157	1
1900	784	1
1900	379	1
1900	842	1
1900	334	1
1900	741	1
1900	1744	1
1900	2304	1
1900	2125	1
1900	247	1
1900	1581	1
1900	2161	1
1900	2119	1
1900	2307	1
1901	1957	1
1901	1875	1
1901	255	1
1901	333	1
1901	2040	1
1901	1351	1
1901	1236	1
1901	2024	1
1901	1694	1
1901	2347	1
1901	537	1
1901	1686	1
1901	919	1
1901	1830	1
1901	1253	1
1901	125	1
1901	2157	1
1901	996	1
1901	1109	1
1901	247	1
1901	1242	1
1901	62	1
1901	309	1
1901	736	1
1902	1003	1
1902	1232	1
1902	333	1
1902	2347	1
1902	537	1
1902	1686	1
1902	1830	1
1902	591	1
1902	125	1
1902	753	1
1902	1540	1
1902	784	1
1902	741	1
1902	1614	1
1902	2315	1
1903	887	1
1903	333	1
1903	2347	1
1903	1686	1
1903	1261	1
1903	1374	1
1903	1256	1
1903	1050	1
1903	78	1
1903	1941	1
1903	719	1
1903	842	1
1903	741	1
1903	62	1
1904	2169	1
1904	455	1
1904	2347	1
1904	1686	1
1904	1098	1
1904	1204	1
1904	1050	1
1904	1253	1
1904	867	1
1904	954	1
1904	2157	1
1904	784	1
1904	334	1
1904	1744	1
1904	2304	1
1904	62	1
1905	1050	1
1906	2169	1
1906	333	1
1906	675	1
1906	1469	1
1906	1694	1
1906	684	1
1906	1204	1
1906	2383	1
1906	190	1
1906	611	1
1906	842	1
1906	334	1
1906	438	1
1906	2216	1
1907	875	1
1907	1469	1
1907	1033	1
1907	684	1
1907	1374	1
1907	2231	1
1907	1941	1
1907	17	1
1907	1856	1
1908	1050	1
1908	303	1
1908	1579	1
1908	1677	1
1909	1119	1
1909	2377	1
1909	1232	1
1909	2347	1
1909	2027	1
1909	1686	1
1909	1739	1
1909	983	1
1909	1228	1
1909	2231	1
1909	1173	1
1909	1204	1
1909	1845	1
1909	1050	1
1909	1253	1
1909	2383	1
1909	749	1
1909	653	1
1909	794	1
1909	343	1
1909	2037	1
1909	2002	1
1909	1088	1
1909	784	1
1909	9	1
1909	1934	1
1909	611	1
1909	842	1
1909	1019	1
1909	741	1
1909	1744	1
1909	389	1
1909	713	1
1909	373	1
1909	572	1
1909	335	1
1909	1677	1
1909	273	1
1910	922	1
1910	675	1
1910	684	1
1910	983	1
1910	1050	1
1910	1253	1
1911	1830	1
1911	1088	1
1911	62	1
1911	1776	1
1912	1469	1
1912	1033	1
1912	1686	1
1912	1050	1
1912	842	1
1912	741	1
1912	62	1
1913	2347	1
1913	1497	1
1913	661	1
1913	1053	1
1913	303	1
1913	2383	1
1913	268	1
1913	1213	1
1913	1941	1
1913	51	1
1913	1088	1
1913	1348	1
1913	356	1
1913	842	1
1913	1579	1
1913	944	1
1913	1330	1
1913	1883	1
1913	1387	1
1913	1288	1
1914	937	1
1914	2205	1
1914	2079	1
1914	455	1
1914	1694	1
1914	807	1
1914	684	1
1914	1204	1
1914	1050	1
1914	1830	1
1914	1253	1
1914	867	1
1914	1150	1
1914	1160	1
1914	240	1
1914	1254	1
1914	1136	1
1914	741	1
1914	1736	1
1914	62	1
1914	693	1
1914	1766	1
1914	1287	1
1914	2315	1
1914	1426	1
1915	1686	1
1915	1050	1
1915	2267	1
1915	373	1
1915	1581	1
1916	1380	1
1916	1228	1
1916	2321	1
1916	1769	1
1916	980	1
1916	1044	1
1916	1082	1
1916	1687	1
1917	983	1
1917	1173	1
1917	1050	1
1917	749	1
1917	1941	1
1918	2040	1
1918	2347	1
1918	867	1
1918	746	1
1918	1540	1
1918	784	1
1918	842	1
1918	1744	1
1918	62	1
1918	535	1
1918	2119	1
1918	2315	1
1919	333	1
1919	537	1
1919	1686	1
1919	1050	1
1919	1253	1
1919	986	1
1919	741	1
1919	62	1
1920	1729	1
1920	1941	1
1921	1729	1
1921	1941	1
1921	1866	1
1922	2169	1
1922	2347	1
1922	1686	1
1922	1550	1
1922	1374	1
1922	1204	1
1922	1050	1
1922	2157	1
1922	3	1
1922	784	1
1922	442	1
1922	334	1
1922	741	1
1922	1744	1
1922	373	1
1922	944	1
1922	1776	1
1923	1694	1
1923	1686	1
1923	2157	1
1923	1540	1
1923	611	1
1923	256	1
1923	62	1
1923	2307	1
1924	2169	1
1924	333	1
1924	2058	1
1924	560	1
1924	1272	1
1924	2347	1
1924	2163	1
1924	337	1
1924	1374	1
1924	1204	1
1924	749	1
1924	653	1
1924	2126	1
1924	190	1
1924	1936	1
1924	1941	1
1924	505	1
1924	1541	1
1924	784	1
1924	741	1
1924	482	1
1924	1677	1
1924	439	1
1924	2257	1
1924	603	1
1925	576	1
1925	842	1
1925	1581	1
1926	333	1
1926	651	1
1926	1204	1
1926	1050	1
1926	591	1
1926	784	1
1926	842	1
1926	1488	1
1926	741	1
1926	62	1
1926	2230	1
1926	2315	1
1927	642	1
1927	2347	1
1927	1686	1
1927	597	1
1927	2363	1
1927	866	1
1927	1131	1
1927	51	1
1927	1540	1
1927	842	1
1927	741	1
1927	1255	1
1927	151	1
1927	2375	1
1927	1071	1
1927	1426	1
1928	354	1
1928	333	1
1928	1429	1
1928	2347	1
1928	1050	1
1928	1253	1
1928	746	1
1928	1439	1
1928	880	1
1928	1964	1
1928	842	1
1928	1287	1
1929	1729	1
1929	333	1
1929	1686	1
1929	1050	1
1929	1253	1
1929	125	1
1929	1488	1
1929	741	1
1929	62	1
1929	1677	1
1930	1797	1
1930	2169	1
1930	2040	1
1930	2347	1
1930	1925	1
1930	1050	1
1930	1253	1
1930	954	1
1930	1636	1
1930	373	1
1931	1875	1
1931	1686	1
1931	1204	1
1931	1540	1
1931	741	1
1931	256	1
1932	2162	1
1932	2157	1
1932	1540	1
1932	17	1
1932	256	1
1933	1540	1
1933	17	1
1933	256	1
1934	255	1
1934	333	1
1934	2347	1
1934	1540	1
1934	256	1
1934	62	1
1935	1686	1
1935	2162	1
1935	1179	1
1935	17	1
1935	256	1
1936	333	1
1936	1540	1
1936	17	1
1936	256	1
1937	1686	1
1937	17	1
1937	256	1
1938	2347	1
1938	537	1
1938	1050	1
1938	1488	1
1938	741	1
1938	62	1
1939	1101	1
1939	333	1
1939	850	1
1939	1694	1
1939	2347	1
1939	2052	1
1939	1750	1
1939	1935	1
1939	1686	1
1939	467	1
1939	1374	1
1939	1098	1
1939	1204	1
1939	832	1
1939	1253	1
1939	303	1
1939	591	1
1939	1160	1
1939	1258	1
1939	842	1
1939	1019	1
1939	1488	1
1939	2125	1
1939	247	1
1939	256	1
1939	1242	1
1939	62	1
1939	1520	1
1939	504	1
1939	1920	1
1939	2307	1
1939	603	1
1940	1101	1
1940	1421	1
1940	850	1
1940	1694	1
1940	2347	1
1940	2052	1
1940	1033	1
1940	1686	1
1940	1366	1
1940	467	1
1940	2163	1
1940	1374	1
1940	1098	1
1940	1204	1
1940	591	1
1940	125	1
1940	753	1
1940	1160	1
1940	1540	1
1940	410	1
1940	741	1
1940	2158	1
1940	308	1
1940	2125	1
1940	256	1
1940	62	1
1940	1930	1
1940	504	1
1940	535	1
1940	2119	1
1940	2307	1
1940	603	1
1941	1101	1
1941	2052	1
1941	537	1
1941	591	1
1941	1160	1
1941	2157	1
1941	1540	1
1941	2158	1
1941	2125	1
1941	62	1
1941	1520	1
1942	1686	1
1942	1253	1
1942	2383	1
1942	2157	1
1942	62	1
1943	479	1
1943	2247	1
1943	1694	1
1943	525	1
1943	1686	1
1943	467	1
1943	1050	1
1943	1253	1
1943	303	1
1943	557	1
1943	190	1
1943	1160	1
1943	569	1
1943	1109	1
1943	1488	1
1943	1614	1
1943	247	1
1944	1050	1
1944	1253	1
1944	1488	1
1944	741	1
1945	989	1
1945	1101	1
1945	255	1
1945	1236	1
1945	1694	1
1945	2052	1
1945	1050	1
1945	1929	1
1945	1895	1
1945	1160	1
1945	625	1
1945	569	1
1945	1488	1
1945	741	1
1945	2158	1
1945	1736	1
1945	62	1
1945	572	1
1945	2216	1
1946	2163	1
1946	1098	1
1946	190	1
1946	256	1
1947	2169	1
1947	1232	1
1947	2347	1
1947	537	1
1947	1686	1
1947	1374	1
1947	1098	1
1947	1173	1
1947	314	1
1947	867	1
1947	303	1
1947	2092	1
1947	1941	1
1947	2157	1
1947	842	1
1947	438	1
1948	1729	1
1948	1686	1
1948	684	1
1948	303	1
1948	842	1
1949	1729	1
1949	842	1
1950	1686	1
1950	1050	1
1950	842	1
1950	334	1
1950	62	1
1951	2169	1
1951	1469	1
1951	1686	1
1951	1050	1
1951	842	1
1952	1693	1
1952	1403	1
1952	875	1
1952	675	1
1952	2347	1
1952	1374	1
1952	1204	1
1952	1050	1
1952	1253	1
1952	2383	1
1952	2393	1
1952	1149	1
1952	1557	1
1952	2404	1
1952	334	1
1952	741	1
1952	17	1
1952	62	1
1952	1551	1
1952	2216	1
1953	255	1
1953	875	1
1953	1694	1
1953	1660	1
1953	1033	1
1953	525	1
1953	467	1
1953	1374	1
1953	1098	1
1953	749	1
1953	842	1
1953	334	1
1953	741	1
1953	2307	1
1954	1686	1
1954	1253	1
1954	2383	1
1954	62	1
1954	272	1
1955	684	1
1955	2383	1
1955	682	1
1956	684	1
1956	2383	1
1956	842	1
1956	272	1
1957	1686	1
1957	2162	1
1957	1204	1
1957	919	1
1957	145	1
1957	1540	1
1957	17	1
1957	62	1
1958	1875	1
1958	1686	1
1958	1540	1
1958	842	1
1958	17	1
1958	256	1
1958	62	1
1959	989	1
1959	1957	1
1959	1101	1
1959	922	1
1959	1358	1
1959	1003	1
1959	1232	1
1959	333	1
1959	2040	1
1959	1562	1
1959	1469	1
1959	2347	1
1959	2052	1
1959	537	1
1959	1033	1
1959	1686	1
1959	467	1
1959	1059	1
1959	1228	1
1959	1374	1
1959	1098	1
1959	0	1
1959	1173	1
1959	832	1
1959	828	1
1959	1256	1
1959	1428	1
1959	1253	1
1959	1143	1
1959	1057	1
1959	1046	1
1959	749	1
1959	746	1
1959	653	1
1959	1929	1
1959	1903	1
1959	190	1
1959	1160	1
1959	1501	1
1959	569	1
1959	1088	1
1959	2289	1
1959	1860	1
1959	842	1
1959	1744	1
1959	2350	1
1959	1242	1
1959	2112	1
1959	1776	1
1959	2315	1
1959	603	1
1959	1372	1
1959	1794	1
1959	1624	1
1960	1204	1
1960	1253	1
1960	2157	1
1960	1540	1
1960	741	1
1960	17	1
1960	256	1
1961	2347	1
1961	2267	1
1961	2157	1
1961	1540	1
1962	2162	1
1962	1204	1
1962	2267	1
1962	1540	1
1962	741	1
1962	17	1
1962	256	1
1963	2347	1
1963	1686	1
1963	842	1
1963	256	1
1964	256	1
1965	255	1
1965	333	1
1965	1686	1
1965	1253	1
1965	1540	1
1965	741	1
1965	256	1
1965	62	1
1966	989	1
1966	1119	1
1966	2409	1
1966	875	1
1966	455	1
1966	1787	1
1966	2347	1
1966	1380	1
1966	684	1
1966	1830	1
1966	1253	1
1966	867	1
1966	2383	1
1966	1086	1
1966	653	1
1966	1149	1
1966	2365	1
1966	1769	1
1966	1676	1
1966	794	1
1966	45	1
1966	80	1
1966	1088	1
1966	784	1
1966	712	1
1966	1557	1
1966	842	1
1966	334	1
1966	1135	1
1966	1736	1
1966	17	1
1966	95	1
1966	373	1
1966	8	1
1966	1458	1
1966	1360	1
1966	438	1
1966	2216	1
1966	1677	1
1966	2119	1
1967	1904	1
1967	989	1
1967	1702	1
1967	223	1
1967	1686	1
1967	1535	1
1967	758	1
1967	270	1
1967	512	1
1967	564	1
1967	1830	1
1967	831	1
1967	1253	1
1967	2383	1
1967	653	1
1967	2214	1
1967	980	1
1967	954	1
1967	240	1
1967	307	1
1967	1088	1
1967	827	1
1967	2250	1
1967	741	1
1967	1217	1
1967	373	1
1967	64	1
1967	2119	1
1967	359	1
1967	1856	1
1967	1372	1
1968	1686	1
1968	1256	1
1968	954	1
1968	842	1
1968	334	1
1968	62	1
1969	875	1
1969	1686	1
1969	1050	1
1969	1253	1
1969	842	1
1969	62	1
1970	2383	1
1970	2092	1
1970	842	1
1971	333	1
1971	1713	1
1971	1033	1
1971	1686	1
1971	2305	1
1971	284	1
1971	2157	1
1971	334	1
1971	214	1
1972	1686	1
1972	1380	1
1972	954	1
1972	1941	1
1972	1557	1
1972	2304	1
1973	1101	1
1973	1413	1
1973	875	1
1973	1938	1
1973	655	1
1973	537	1
1973	2321	1
1973	1256	1
1973	1253	1
1973	1215	1
1973	2392	1
1973	842	1
1973	276	1
1973	1915	1
1973	62	1
1973	8	1
1973	1458	1
1973	1342	1
1973	30	1
1974	2347	1
1974	684	1
1974	2383	1
1975	333	1
1975	1469	1
1975	2347	1
1975	1686	1
1975	2305	1
1975	2162	1
1975	1204	1
1975	1830	1
1975	794	1
1975	741	1
1975	17	1
1975	62	1
1975	438	1
1976	1232	1
1976	2347	1
1976	1686	1
1976	1050	1
1976	303	1
1976	653	1
1976	954	1
1976	1941	1
1976	842	1
1976	334	1
1976	741	1
1977	684	1
1977	1050	1
1978	2206	1
1978	2027	1
1978	749	1
1978	741	1
1978	1677	1
1978	633	1
1979	333	1
1979	2347	1
1979	2027	1
1979	1868	1
1979	1088	1
1979	741	1
1979	1581	1
1979	1677	1
1979	633	1
1980	548	1
1980	1424	1
1980	731	1
1980	404	1
1981	842	1
1981	256	1
1981	1677	1
1982	1266	1
1982	865	1
1982	1875	1
1982	1232	1
1982	333	1
1982	2206	1
1982	1469	1
1982	1694	1
1982	2347	1
1982	2027	1
1982	537	1
1982	1228	1
1982	1374	1
1982	2231	1
1982	1204	1
1982	867	1
1982	303	1
1982	653	1
1982	1514	1
1982	557	1
1982	794	1
1982	78	1
1982	1941	1
1982	1244	1
1982	1541	1
1982	1540	1
1982	307	1
1982	784	1
1982	2299	1
1982	1265	1
1982	1744	1
1982	2361	1
1982	17	1
1982	256	1
1982	1242	1
1982	604	1
1982	633	1
1982	1071	1
1982	603	1
1983	1050	1
1983	1019	1
1984	1050	1
1985	1686	1
1985	684	1
1985	1581	1
1986	684	1
1987	1050	1
1987	749	1
1988	1050	1
1989	2295	1
1989	989	1
1989	1910	1
1989	783	1
1989	865	1
1989	2377	1
1989	887	1
1989	451	1
1989	2206	1
1989	1694	1
1989	1938	1
1989	467	1
1989	698	1
1989	1059	1
1989	2163	1
1989	0	1
1989	1204	1
1989	314	1
1989	1832	1
1989	2267	1
1989	975	1
1989	1253	1
1989	303	1
1989	2383	1
1989	749	1
1989	399	1
1989	653	1
1989	1769	1
1989	557	1
1989	794	1
1989	78	1
1989	1941	1
1989	130	1
1989	240	1
1989	307	1
1989	1866	1
1989	1088	1
1989	623	1
1989	712	1
1989	1168	1
1989	44	1
1989	2343	1
1989	929	1
1989	838	1
1989	611	1
1989	842	1
1989	1019	1
1989	1849	1
1989	373	1
1989	29	1
1989	438	1
1989	2216	1
1989	1426	1
1990	875	1
1990	1050	1
1991	1050	1
1992	1050	1
1993	1686	1
1993	684	1
1993	1253	1
1993	2383	1
1993	62	1
1994	626	1
1994	2186	1
1995	1797	1
1995	2169	1
1995	1686	1
1995	784	1
1995	1386	1
1995	373	1
1995	1581	1
1995	2216	1
1996	875	1
1996	1253	1
1996	2383	1
1996	842	1
1996	741	1
1997	1253	1
1997	2383	1
1997	842	1
1997	741	1
1997	62	1
1998	875	1
1998	1050	1
1998	805	1
1998	533	1
1999	255	1
1999	675	1
1999	1686	1
1999	1402	1
1999	1228	1
1999	1050	1
1999	303	1
1999	749	1
1999	954	1
1999	3	1
1999	996	1
1999	334	1
1999	62	1
1999	572	1
1999	1687	1
2000	2347	1
2000	2223	1
2000	2391	1
2000	1256	1
2000	2405	1
2000	2106	1
2000	80	1
2000	913	1
2000	954	1
2000	2304	1
2000	49	1
2000	8	1
2000	1342	1
2000	687	1
2001	2169	1
2001	875	1
2001	333	1
2001	684	1
2001	1050	1
2001	842	1
2001	30	1
2002	875	1
2002	684	1
2002	62	1
2003	626	1
2003	296	1
2003	1101	1
2003	433	1
2003	1777	1
2003	629	1
2003	1562	1
2003	2219	1
2003	1726	1
2003	1469	1
2003	2024	1
2003	2239	1
2003	1686	1
2003	467	1
2003	1739	1
2003	684	1
2003	0	1
2003	1256	1
2003	1830	1
2003	1423	1
2003	1253	1
2003	592	1
2003	867	1
2003	303	1
2003	749	1
2003	653	1
2003	125	1
2003	557	1
2003	2372	1
2003	813	1
2003	1921	1
2003	753	1
2003	1941	1
2003	569	1
2003	1182	1
2003	478	1
2003	146	1
2003	891	1
2003	1906	1
2003	611	1
2003	842	1
2003	334	1
2003	1614	1
2003	2125	1
2003	1783	1
2003	62	1
2003	1360	1
2003	572	1
2003	1551	1
2003	1498	1
2003	603	1
2003	1076	1
2003	2081	1
2003	1525	1
2004	1797	1
2004	2169	1
2004	333	1
2004	1581	1
2005	1797	1
2005	333	1
2005	1050	1
2005	1063	1
2006	1686	1
2006	684	1
2006	395	1
2006	1088	1
2006	62	1
2007	684	1
2008	1232	1
2008	1033	1
2008	1686	1
2008	684	1
2008	1098	1
2008	334	1
2009	1875	1
2009	875	1
2009	1050	1
2009	1425	1
2009	867	1
2009	1088	1
2009	1231	1
2009	784	1
2009	842	1
2009	62	1
2009	1360	1
2010	989	1
2010	1253	1
2010	867	1
2010	395	1
2010	1149	1
2010	1601	1
2010	1088	1
2010	842	1
2010	334	1
2010	741	1
2010	1736	1
2010	1581	1
2010	62	1
2010	2216	1
2011	1686	1
2011	684	1
2011	2383	1
2011	842	1
2011	334	1
2012	1050	1
2012	1581	1
2013	684	1
2014	875	1
2014	684	1
2014	842	1
2014	1783	1
2014	62	1
2015	684	1
2016	875	1
2016	684	1
2017	1686	1
2017	684	1
2018	1686	1
2018	1050	1
2018	954	1
2018	1557	1
2018	842	1
2018	741	1
2018	2119	1
2019	1050	1
2020	1925	1
2020	2092	1
2020	2157	1
2020	898	1
2020	1540	1
2020	2369	1
2020	842	1
2020	741	1
2021	1087	1
2021	922	1
2021	875	1
2021	1232	1
2021	2206	1
2021	1469	1
2021	1686	1
2021	10	1
2021	1103	1
2021	749	1
2021	145	1
2021	1234	1
2021	1941	1
2021	996	1
2021	842	1
2021	334	1
2021	741	1
2021	62	1
2022	1729	1
2023	129	1
2024	1797	1
2024	1403	1
2024	1232	1
2024	2347	1
2024	1686	1
2024	1312	1
2024	2338	1
2024	1204	1
2024	867	1
2024	978	1
2024	1128	1
2024	129	1
2024	1941	1
2024	1475	1
2024	1601	1
2024	1540	1
2024	1088	1
2024	407	1
2024	1851	1
2024	379	1
2024	842	1
2024	741	1
2024	62	1
2024	2216	1
2025	875	1
2025	1686	1
2025	684	1
2025	653	1
2025	1636	1
2025	1540	1
2025	1557	1
2025	1956	1
2025	741	1
2025	62	1
2025	2119	1
2026	922	1
2026	333	1
2026	2347	1
2026	1204	1
2026	80	1
2026	2051	1
2026	379	1
2026	2304	1
2026	17	1
2026	1581	1
2027	1581	1
2028	875	1
2028	373	1
2028	1581	1
2028	438	1
2028	2216	1
2029	1904	1
2029	989	1
2029	1119	1
2029	1633	1
2029	887	1
2029	333	1
2029	275	1
2029	643	1
2029	1938	1
2029	201	1
2029	2347	1
2029	2015	1
2029	1686	1
2029	2321	1
2029	1204	1
2029	1253	1
2029	34	1
2029	367	1
2029	138	1
2029	1167	1
2029	236	1
2029	240	1
2029	1094	1
2029	1524	1
2029	748	1
2029	1254	1
2029	346	1
2029	1370	1
2029	842	1
2029	1269	1
2029	741	1
2029	1736	1
2029	1892	1
2029	17	1
2029	256	1
2029	62	1
2029	8	1
2029	309	1
2029	1766	1
2029	1326	1
2029	1287	1
2029	2375	1
2029	2230	1
2029	635	1
2029	1342	1
2029	434	1
2029	30	1
2030	626	1
2030	1777	1
2030	333	1
2030	2347	1
2030	537	1
2030	1033	1
2030	467	1
2030	1925	1
2030	1059	1
2030	1098	1
2030	780	1
2030	1541	1
2030	1109	1
2030	683	1
2030	842	1
2030	62	1
2030	438	1
2030	38	1
2031	1875	1
2031	675	1
2031	1469	1
2031	1033	1
2031	1686	1
2031	1374	1
2031	2231	1
2031	1253	1
2031	2383	1
2031	954	1
2031	2157	1
2031	3	1
2031	2299	1
2031	842	1
2031	741	1
2031	2017	1
2031	2216	1
2031	1677	1
2032	1875	1
2032	1232	1
2032	2347	1
2032	1686	1
2032	1374	1
2032	707	1
2032	653	1
2032	1941	1
2032	62	1
2032	438	1
2033	223	1
2033	760	1
2033	1098	1
2033	794	1
2034	1797	1
2034	250	1
2034	867	1
2034	653	1
2034	1592	1
2034	819	1
2034	80	1
2034	1541	1
2034	1540	1
2034	784	1
2034	348	1
2034	929	1
2034	611	1
2034	2051	1
2034	1783	1
2034	733	1
2034	17	1
2034	373	1
2034	438	1
2034	1677	1
2034	633	1
2034	1529	1
2034	603	1
2035	333	1
2035	1033	1
2035	983	1
2035	1253	1
2035	2383	1
2035	1868	1
2035	819	1
2035	1244	1
2035	307	1
2035	373	1
2035	2216	1
2035	1677	1
2035	633	1
2036	1469	1
2036	1088	1
2036	1581	1
2036	1677	1
2037	2205	1
2037	1101	1
2037	333	1
2037	2347	1
2037	1713	1
2037	698	1
2037	2108	1
2037	1256	1
2037	1803	1
2037	1830	1
2037	1253	1
2037	2383	1
2037	1086	1
2037	653	1
2037	468	1
2037	2106	1
2037	576	1
2037	1757	1
2037	1851	1
2037	1370	1
2037	842	1
2037	805	1
2037	2017	1
2037	946	1
2037	1525	1
2038	1797	1
2038	1686	1
2038	842	1
2038	1581	1
2039	937	1
2039	1891	1
2039	255	1
2039	1003	1
2039	1232	1
2039	470	1
2039	675	1
2039	455	1
2039	560	1
2039	2347	1
2039	698	1
2039	1098	1
2039	2321	1
2039	952	1
2039	1256	1
2039	1050	1
2039	2267	1
2039	303	1
2039	1769	1
2039	190	1
2039	2092	1
2039	236	1
2039	954	1
2039	1709	1
2039	2146	1
2039	996	1
2039	2283	1
2039	307	1
2039	1088	1
2039	712	1
2039	2343	1
2039	1052	1
2039	842	1
2039	741	1
2039	1614	1
2039	2266	1
2039	1736	1
2039	49	1
2039	181	1
2039	17	1
2039	1242	1
2039	1287	1
2039	252	1
2039	1426	1
2040	937	1
2040	989	1
2040	1891	1
2040	875	1
2040	1686	1
2040	831	1
2040	1253	1
2040	867	1
2040	2383	1
2040	80	1
2040	1088	1
2040	784	1
2040	712	1
2040	731	1
2040	842	1
2040	334	1
2040	741	1
2041	508	1
2041	1021	1
2041	1050	1
2041	303	1
2041	917	1
2041	2375	1
2042	1253	1
2042	842	1
2042	334	1
2042	741	1
2042	17	1
2043	2347	1
2043	1050	1
2043	1253	1
2043	2383	1
2043	17	1
2043	62	1
2044	1686	1
2044	741	1
2044	95	1
2045	684	1
2045	954	1
2045	741	1
2046	875	1
2046	2347	1
2046	684	1
2046	1228	1
2046	314	1
2046	2383	1
2046	1584	1
2046	2092	1
2046	37	1
2046	954	1
2046	1941	1
2046	488	1
2046	1109	1
2046	842	1
2046	334	1
2046	741	1
2046	373	1
2046	1104	1
2047	684	1
2047	741	1
2048	1033	1
2048	1686	1
2048	684	1
2048	842	1
2048	334	1
2049	1470	1
2049	675	1
2049	1033	1
2049	684	1
2049	1256	1
2049	954	1
2049	842	1
2050	675	1
2050	1686	1
2050	684	1
2050	334	1
2050	741	1
2050	2304	1
2051	675	1
2051	1033	1
2051	684	1
2051	2383	1
2051	2157	1
2051	842	1
2051	334	1
2051	741	1
2052	684	1
2052	954	1
2052	741	1
2053	1686	1
2053	684	1
2053	2383	1
2053	954	1
2054	684	1
2054	954	1
2054	1094	1
2054	741	1
2054	17	1
2055	1686	1
2055	684	1
2055	1050	1
2055	954	1
2055	842	1
2056	1686	1
2056	1374	1
2056	920	1
2056	303	1
2056	334	1
2056	741	1
2056	2304	1
2057	1686	1
2057	1050	1
2057	2383	1
2057	954	1
2057	741	1
2058	455	1
2058	684	1
2058	1050	1
2058	2383	1
2058	395	1
2058	1769	1
2058	954	1
2058	1540	1
2058	1094	1
2058	842	1
2058	741	1
2058	1987	1
2059	1686	1
2059	684	1
2059	2383	1
2059	954	1
2059	1941	1
2060	1686	1
2060	684	1
2060	741	1
2061	1686	1
2061	684	1
2062	1686	1
2062	684	1
2062	1050	1
2063	1050	1
2064	1875	1
2064	1686	1
2064	684	1
2064	842	1
2064	17	1
2065	954	1
2066	684	1
2066	954	1
2066	1941	1
2066	741	1
2067	1686	1
2067	684	1
2067	954	1
2068	684	1
2069	875	1
2069	1686	1
2069	684	1
2069	741	1
2069	181	1
2070	1686	1
2070	684	1
2070	1050	1
2070	842	1
2071	1686	1
2071	954	1
2071	741	1
2072	684	1
2072	741	1
2073	684	1
2073	741	1
2074	1686	1
2074	684	1
2075	1051	1
2075	684	1
2075	1109	1
2075	1783	1
2076	684	1
2076	954	1
2076	741	1
2077	1686	1
2077	684	1
2077	1941	1
2077	741	1
2078	1686	1
2078	684	1
2078	842	1
2079	2347	1
2079	684	1
2079	784	1
2079	741	1
2079	1581	1
2080	1050	1
2081	1101	1
2081	2377	1
2081	1232	1
2081	622	1
2081	1562	1
2081	2360	1
2081	1469	1
2081	1694	1
2081	2347	1
2081	1033	1
2081	525	1
2081	1686	1
2081	1374	1
2081	1098	1
2081	1050	1
2081	217	1
2081	190	1
2081	1160	1
2081	569	1
2081	842	1
2081	1488	1
2081	2361	1
2081	49	1
2081	17	1
2081	373	1
2081	1919	1
2081	1974	1
2081	2230	1
2081	603	1
2082	1686	1
2082	684	1
2082	1253	1
2083	1050	1
2083	17	1
2083	2216	1
2083	1677	1
2084	875	1
2084	967	1
2084	1236	1
2084	1686	1
2084	1253	1
2084	653	1
2084	2090	1
2084	1088	1
2084	379	1
2084	741	1
2084	17	1
2084	62	1
2084	1458	1
2084	1677	1
2085	1236	1
2085	2347	1
2085	1686	1
2085	1050	1
2085	1253	1
2085	867	1
2085	379	1
2085	741	1
2085	17	1
2086	1050	1
2086	867	1
2087	1875	1
2087	333	1
2087	2347	1
2087	1575	1
2087	2157	1
2087	1540	1
2087	842	1
2087	741	1
2087	1242	1
2087	938	1
2087	62	1
2088	1119	1
2088	333	1
2088	2347	1
2088	537	1
2088	1686	1
2088	10	1
2088	1253	1
2088	653	1
2088	548	1
2088	567	1
2088	2157	1
2088	195	1
2088	842	1
2088	938	1
2088	62	1
2088	736	1
2088	2119	1
2089	1910	1
2089	1101	1
2089	1232	1
2089	675	1
2089	1469	1
2089	1694	1
2089	2347	1
2089	467	1
2089	1228	1
2089	1103	1
2089	1098	1
2089	1253	1
2089	303	1
2089	591	1
2089	125	1
2089	78	1
2089	2157	1
2089	1088	1
2089	842	1
2089	334	1
2089	741	1
2089	1614	1
2089	2304	1
2089	247	1
2089	17	1
2089	62	1
2089	736	1
2089	1287	1
2089	2375	1
2089	1746	1
2090	937	1
2090	1891	1
2090	2132	1
2090	2347	1
2090	2321	1
2090	952	1
2090	2267	1
2090	1253	1
2090	1955	1
2090	1941	1
2090	240	1
2090	1088	1
2090	334	1
2090	741	1
2090	2375	1
2091	508	1
2091	1469	1
2091	2347	1
2091	729	1
2091	1686	1
2091	467	1
2091	1021	1
2091	1384	1
2091	1256	1
2091	725	1
2091	749	1
2091	954	1
2091	1941	1
2091	996	1
2091	240	1
2091	741	1
2091	917	1
2091	2375	1
2092	1469	1
2092	1694	1
2092	2347	1
2092	729	1
2092	1033	1
2092	1686	1
2092	1380	1
2092	467	1
2092	831	1
2092	2383	1
2092	1769	1
2092	2092	1
2092	1941	1
2092	842	1
2092	741	1
2092	17	1
2092	256	1
2092	62	1
2092	8	1
2092	2375	1
2092	2119	1
2092	1525	1
2093	1232	1
2093	1469	1
2093	729	1
2093	1380	1
2093	1256	1
2093	653	1
2093	2092	1
2093	1941	1
2093	917	1
2094	1713	1
2094	1686	1
2094	1374	1
2094	831	1
2094	653	1
2094	954	1
2095	1713	1
2095	1686	1
2095	842	1
2096	1469	1
2096	1713	1
2096	1686	1
2096	842	1
2097	882	1
2097	875	1
2097	1672	1
2097	333	1
2097	1452	1
2097	96	1
2097	1686	1
2097	698	1
2097	684	1
2097	1999	1
2097	1021	1
2097	2267	1
2097	1830	1
2097	1253	1
2097	2383	1
2097	749	1
2097	653	1
2097	1769	1
2097	2397	1
2097	612	1
2097	80	1
2097	954	1
2097	307	1
2097	623	1
2097	842	1
2097	1019	1
2097	805	1
2097	49	1
2097	373	1
2097	2140	1
2097	587	1
2098	1797	1
2098	1119	1
2098	333	1
2098	2347	1
2098	537	1
2098	1033	1
2098	1686	1
2098	1611	1
2098	467	1
2098	1925	1
2098	684	1
2098	1228	1
2098	2180	1
2098	1098	1
2098	1173	1
2098	1204	1
2098	303	1
2098	395	1
2098	1046	1
2098	653	1
2098	567	1
2098	898	1
2098	2037	1
2098	2002	1
2098	1866	1
2098	373	1
2098	62	1
2098	604	1
2098	1677	1
2098	1529	1
2098	1120	1
2099	2347	1
2099	467	1
2099	1098	1
2099	1256	1
2099	1941	1
2099	1052	1
2099	741	1
2099	2304	1
2099	373	1
2099	1581	1
2100	1204	1
2100	749	1
2100	1540	1
2100	842	1
2100	256	1
2100	62	1
2101	2169	1
2101	1228	1
2101	1386	1
2102	333	1
2102	2347	1
2102	297	1
2102	1256	1
2102	1524	1
2102	1386	1
2102	1052	1
2102	351	1
2102	741	1
2102	373	1
2103	1469	1
2103	807	1
2103	1686	1
2103	1739	1
2103	1011	1
2103	1253	1
2103	2383	1
2103	653	1
2103	2427	1
2103	2402	1
2103	334	1
2103	1251	1
2103	373	1
2103	1581	1
2103	62	1
2104	887	1
2104	1469	1
2104	1103	1
2104	85	1
2104	1253	1
2104	3	1
2104	784	1
2104	842	1
2104	334	1
2104	1294	1
2104	1746	1
2104	2119	1
2105	1469	1
2105	684	1
2105	1374	1
2105	1103	1
2105	395	1
2105	80	1
2105	1088	1
2105	784	1
2105	1052	1
2105	1744	1
2105	2304	1
2105	151	1
2105	1794	1
2106	1729	1
2106	1686	1
2106	653	1
2106	1941	1
2106	996	1
2107	2347	1
2107	1686	1
2107	1204	1
2107	794	1
2107	2092	1
2107	2157	1
2107	1540	1
2107	1956	1
2107	62	1
2108	2132	1
2108	1469	1
2108	1033	1
2108	684	1
2108	1256	1
2108	1253	1
2108	2135	1
2108	749	1
2108	1769	1
2108	567	1
2108	2092	1
2108	954	1
2108	307	1
2108	1386	1
2108	1736	1
2109	2347	1
2109	1686	1
2109	2162	1
2109	1204	1
2109	2092	1
2109	2157	1
2109	1540	1
2109	256	1
2110	2162	1
2110	1204	1
2110	1050	1
2110	1253	1
2110	794	1
2110	2092	1
2110	2157	1
2110	1540	1
2110	1956	1
2110	842	1
2110	334	1
2110	256	1
2110	62	1
2111	2347	1
2111	1204	1
2111	794	1
2111	2092	1
2111	1540	1
2111	842	1
2111	741	1
2111	62	1
2112	875	1
2112	1469	1
2112	2347	1
2112	1686	1
2112	2162	1
2112	1204	1
2112	314	1
2112	867	1
2112	2092	1
2112	1501	1
2112	954	1
2112	1472	1
2112	334	1
2112	741	1
2112	256	1
2112	1071	1
2113	875	1
2113	1469	1
2113	1686	1
2113	2162	1
2113	1204	1
2113	1253	1
2113	303	1
2113	954	1
2113	1540	1
2113	307	1
2113	842	1
2114	2347	1
2114	1253	1
2114	256	1
2115	1686	1
2115	1374	1
2115	1204	1
2115	1253	1
2115	794	1
2115	2092	1
2115	741	1
2115	256	1
2115	62	1
2116	2347	1
2116	729	1
2116	1204	1
2116	1253	1
2116	1941	1
2116	2157	1
2116	842	1
2116	741	1
2117	1686	1
2117	2157	1
2117	842	1
2117	256	1
2118	1729	1
2118	2206	1
2118	2347	1
2118	2052	1
2118	1204	1
2118	1253	1
2118	2092	1
2118	1941	1
2118	1540	1
2118	842	1
2118	1001	1
2118	62	1
2119	2347	1
2119	1204	1
2119	1253	1
2119	867	1
2119	2092	1
2119	842	1
2119	256	1
2120	1686	1
2120	867	1
2120	2157	1
2120	842	1
2120	256	1
2121	2347	1
2121	1686	1
2121	1253	1
2122	785	1
2122	1469	1
2122	1713	1
2122	1033	1
2122	1686	1
2122	1374	1
2122	2231	1
2122	1173	1
2122	1050	1
2122	1253	1
2122	1540	1
2122	256	1
2122	62	1
2122	1071	1
2123	2347	1
2123	1686	1
2123	1204	1
2123	794	1
2123	2157	1
2123	842	1
2123	741	1
2123	62	1
2123	1372	1
2124	2347	1
2124	760	1
2124	1033	1
2124	1686	1
2124	1374	1
2124	2231	1
2124	1204	1
2124	314	1
2124	867	1
2124	2092	1
2124	2157	1
2124	1956	1
2124	842	1
2124	256	1
2124	1372	1
2125	2347	1
2125	1204	1
2125	1253	1
2125	794	1
2125	2092	1
2125	2157	1
2125	842	1
2125	741	1
2125	62	1
2126	2347	1
2126	2162	1
2126	1204	1
2126	1253	1
2126	2092	1
2126	2157	1
2126	842	1
2127	2347	1
2127	1686	1
2127	1253	1
2127	2092	1
2127	2157	1
2127	741	1
2128	1686	1
2128	2162	1
2128	1204	1
2128	1253	1
2128	2157	1
2128	842	1
2129	303	1
2129	1538	1
2129	2092	1
2129	22	1
2129	842	1
2129	741	1
2130	937	1
2130	1055	1
2130	1633	1
2130	1421	1
2130	1060	1
2130	203	1
2130	2347	1
2130	807	1
2130	1033	1
2130	1686	1
2130	2267	1
2130	1253	1
2130	749	1
2130	954	1
2130	1601	1
2130	1540	1
2130	307	1
2130	1088	1
2130	842	1
2130	741	1
2130	1217	1
2130	1736	1
2130	1915	1
2130	62	1
2130	124	1
2130	2150	1
2130	1623	1
2130	1287	1
2130	252	1
2130	2375	1
2130	1342	1
2130	1987	1
2131	2347	1
2131	1686	1
2131	2162	1
2131	842	1
2131	741	1
2131	256	1
2132	1686	1
2132	2162	1
2132	1204	1
2132	2092	1
2132	2157	1
2132	842	1
2132	741	1
2133	2347	1
2133	1204	1
2133	1253	1
2133	867	1
2133	794	1
2133	2092	1
2133	1540	1
2133	1956	1
2133	741	1
2134	1797	1
2134	989	1
2134	1875	1
2134	1469	1
2134	2347	1
2134	1033	1
2134	1686	1
2134	1374	1
2134	1253	1
2134	653	1
2134	2080	1
2134	1769	1
2134	954	1
2134	1557	1
2134	373	1
2135	1459	1
2135	875	1
2135	2347	1
2135	1517	1
2135	1380	1
2135	684	1
2135	597	1
2135	1374	1
2135	1384	1
2135	1256	1
2135	867	1
2135	395	1
2135	1172	1
2135	1149	1
2135	868	1
2135	1769	1
2135	2363	1
2135	1331	1
2135	339	1
2135	682	1
2135	954	1
2135	2157	1
2135	51	1
2135	837	1
2135	784	1
2135	2277	1
2135	1034	1
2135	1557	1
2135	1334	1
2135	334	1
2135	1843	1
2135	1458	1
2135	2339	1
2135	1185	1
2135	2218	1
2135	2375	1
2135	2119	1
2135	552	1
2136	922	1
2136	2095	1
2136	525	1
2136	1686	1
2136	1550	1
2136	2163	1
2136	1098	1
2136	0	1
2136	1050	1
2136	867	1
2136	749	1
2136	1941	1
2136	2157	1
2136	1540	1
2136	1386	1
2136	741	1
2136	1744	1
2136	1001	1
2136	1581	1
2136	593	1
2136	2016	1
2136	1486	1
2136	572	1
2136	2216	1
2136	1776	1
2136	1677	1
2137	626	1
2137	2169	1
2137	255	1
2137	1232	1
2137	1660	1
2137	525	1
2137	1686	1
2137	1059	1
2137	1098	1
2137	1075	1
2137	2162	1
2137	2099	1
2137	274	1
2137	2357	1
2137	394	1
2137	1541	1
2137	1540	1
2137	2369	1
2137	784	1
2137	1386	1
2137	348	1
2137	741	1
2137	1001	1
2137	1677	1
2137	2119	1
2137	2091	1
2137	38	1
2138	2347	1
2138	1390	1
2138	591	1
2138	1841	1
2138	603	1
2138	1525	1
2139	1232	1
2139	1469	1
2139	537	1
2139	467	1
2139	591	1
2139	331	1
2139	557	1
2139	2294	1
2139	1109	1
2139	370	1
2139	741	1
2139	373	1
2139	968	1
2140	1033	1
2140	467	1
2140	2174	1
2140	1941	1
2140	1866	1
2140	2304	1
2141	1797	1
2141	1119	1
2141	513	1
2141	875	1
2141	1232	1
2141	333	1
2141	675	1
2141	455	1
2141	560	1
2141	1033	1
2141	1380	1
2141	1228	1
2141	1374	1
2141	1098	1
2141	2174	1
2141	204	1
2141	749	1
2141	653	1
2141	1584	1
2141	164	1
2141	125	1
2141	557	1
2141	1887	1
2141	1941	1
2141	1866	1
2141	2277	1
2141	1557	1
2141	2183	1
2141	370	1
2141	2063	1
2141	842	1
2141	334	1
2141	1736	1
2141	373	1
2141	1458	1
2141	572	1
2141	1987	1
2142	1003	1
2142	537	1
2142	651	1
2142	1253	1
2142	125	1
2143	1033	1
2143	467	1
2143	1941	1
2144	467	1
2144	1098	1
2144	1584	1
2144	1941	1
2145	1232	1
2145	281	1
2145	560	1
2145	1686	1
2145	1941	1
2145	2294	1
2145	741	1
2146	1232	1
2146	1469	1
2146	1033	1
2146	1686	1
2146	467	1
2146	1925	1
2146	1228	1
2146	1098	1
2146	572	1
2147	467	1
2147	2174	1
2147	1584	1
2147	1941	1
2148	1033	1
2148	651	1
2148	2321	1
2148	2174	1
2148	1050	1
2148	1584	1
2148	1866	1
2148	572	1
2149	2009	1
2149	2347	1
2149	1312	1
2149	467	1
2149	1584	1
2150	1584	1
2151	537	1
2151	1098	1
2151	2174	1
2151	1584	1
2151	370	1
2151	1488	1
2152	467	1
2152	1584	1
2152	1941	1
2153	1584	1
2153	1941	1
2154	651	1
2154	591	1
2154	1584	1
2154	125	1
2154	569	1
2154	1866	1
2154	112	1
2154	603	1
2155	1232	1
2155	1694	1
2155	729	1
2155	467	1
2155	1050	1
2155	1721	1
2155	1584	1
2155	1941	1
2155	1540	1
2155	307	1
2155	728	1
2155	2277	1
2155	1557	1
2155	842	1
2155	741	1
2155	151	1
2155	2119	1
2156	1550	1
2157	2132	1
2157	922	1
2157	875	1
2157	333	1
2157	455	1
2157	2347	1
2157	1925	1
2157	1314	1
2157	1261	1
2157	1400	1
2157	1830	1
2157	1253	1
2157	1768	1
2157	1175	1
2157	2189	1
2157	749	1
2157	2137	1
2157	794	1
2157	1313	1
2157	954	1
2157	1168	1
2157	1063	1
2157	842	1
2157	741	1
2157	206	1
2157	373	1
2157	62	1
2157	1325	1
2158	1101	1
2158	642	1
2158	875	1
2158	333	1
2158	455	1
2158	2347	1
2158	807	1
2158	1033	1
2158	1686	1
2158	698	1
2158	684	1
2158	1374	1
2158	303	1
2158	2383	1
2158	145	1
2158	653	1
2158	794	1
2158	996	1
2158	334	1
2158	2266	1
2158	1736	1
2158	1783	1
2158	1242	1
2158	62	1
2158	1287	1
2158	30	1
2159	989	1
2159	1875	1
2159	1686	1
2159	684	1
2159	1253	1
2159	794	1
2159	1088	1
2159	842	1
2159	334	1
2159	1736	1
2159	1426	1
2160	2415	1
2160	1119	1
2160	1633	1
2160	333	1
2160	1469	1
2160	1694	1
2160	2347	1
2160	1686	1
2160	684	1
2160	297	1
2160	303	1
2160	749	1
2160	653	1
2160	1769	1
2160	78	1
2160	1184	1
2160	719	1
2160	950	1
2160	2343	1
2160	539	1
2160	842	1
2160	1019	1
2160	334	1
2160	741	1
2160	2304	1
2160	62	1
2160	2011	1
2160	48	1
2160	1049	1
2160	1287	1
2160	1426	1
2161	1204	1
2161	395	1
2161	1581	1
2162	989	1
2162	1633	1
2162	2169	1
2162	255	1
2162	875	1
2162	887	1
2162	2347	1
2162	2376	1
2162	1204	1
2162	2164	1
2162	867	1
2162	1277	1
2162	653	1
2162	1784	1
2162	786	1
2162	954	1
2162	1097	1
2162	1639	1
2162	842	1
2162	737	1
2162	805	1
2162	2304	1
2162	1581	1
2162	1242	1
2162	62	1
2162	1049	1
2162	1008	1
2162	1623	1
2162	1287	1
2162	1498	1
2162	2362	1
2163	250	1
2163	726	1
2163	2347	1
2163	2027	1
2163	923	1
2163	1781	1
2163	1374	1
2163	1204	1
2163	1253	1
2163	749	1
2163	1988	1
2163	2037	1
2163	486	1
2163	842	1
2163	1329	1
2163	1981	1
2163	62	1
2163	1677	1
2163	633	1
2163	1608	1
2163	1372	1
2164	250	1
2164	333	1
2164	726	1
2164	923	1
2164	983	1
2164	557	1
2164	667	1
2164	2157	1
2164	1988	1
2164	1244	1
2164	499	1
2164	2012	1
2164	2057	1
2164	1677	1
2164	2077	1
2164	363	1
2165	2347	1
2165	1050	1
2165	741	1
2166	1875	1
2166	2347	1
2166	1204	1
2166	784	1
2166	1386	1
2166	256	1
2166	373	1
2166	1677	1
2167	1101	1
2167	2169	1
2167	333	1
2167	2347	1
2167	1686	1
2167	415	1
2167	1103	1
2167	749	1
2167	653	1
2167	794	1
2167	2157	1
2167	691	1
2167	1540	1
2167	784	1
2167	741	1
2167	2304	1
2167	17	1
2167	1581	1
2167	62	1
2167	693	1
2167	2017	1
2167	438	1
2167	1677	1
2168	1003	1
2168	867	1
2168	784	1
2168	2051	1
2168	1744	1
2169	937	1
2169	989	1
2169	875	1
2169	2347	1
2169	1033	1
2169	842	1
2169	741	1
2169	1551	1
2170	937	1
2170	989	1
2170	1891	1
2170	875	1
2170	887	1
2170	372	1
2170	333	1
2170	1998	1
2170	2347	1
2170	537	1
2170	1772	1
2170	467	1
2170	2298	1
2170	698	1
2170	509	1
2170	1390	1
2170	1829	1
2170	297	1
2170	952	1
2170	1384	1
2170	2267	1
2170	1830	1
2170	395	1
2170	1955	1
2170	749	1
2170	1215	1
2170	653	1
2170	695	1
2170	369	1
2170	1160	1
2170	2092	1
2170	205	1
2170	129	1
2170	954	1
2170	1941	1
2170	2146	1
2170	996	1
2170	240	1
2170	307	1
2170	1524	1
2170	1991	1
2170	2343	1
2170	741	1
2170	1736	1
2170	49	1
2170	17	1
2170	8	1
2170	736	1
2170	1880	1
2170	1287	1
2170	635	1
2170	1426	1
2171	882	1
2171	1633	1
2171	508	1
2171	2347	1
2171	760	1
2171	1686	1
2171	2376	1
2171	684	1
2171	27	1
2171	285	1
2171	2397	1
2171	612	1
2171	954	1
2171	1306	1
2171	1709	1
2171	623	1
2171	1928	1
2171	2343	1
2171	842	1
2171	1269	1
2171	334	1
2171	741	1
2171	2361	1
2171	533	1
2171	587	1
2172	1729	1
2173	875	1
2173	684	1
2173	2383	1
2174	875	1
2174	1686	1
2174	1253	1
2174	842	1
2174	334	1
2174	1551	1
2175	875	1
2175	684	1
2175	1277	1
2175	2157	1
2175	842	1
2175	1458	1
2176	1050	1
2176	954	1
2176	334	1
2177	1033	1
2177	1228	1
2177	1098	1
2177	1050	1
2178	954	1
2178	1941	1
2178	334	1
2179	2347	1
2179	1686	1
2179	842	1
2179	741	1
2179	62	1
2180	451	1
2180	1686	1
2180	684	1
2180	1088	1
2180	842	1
2181	2347	1
2181	1686	1
2181	1204	1
2181	1253	1
2181	653	1
2181	741	1
2181	17	1
2181	2216	1
2182	455	1
2182	1686	1
2182	1380	1
2182	684	1
2182	1050	1
2182	1253	1
2182	2383	1
2182	1088	1
2182	842	1
2182	62	1
2183	2347	1
2183	1033	1
2183	1686	1
2183	1103	1
2183	653	1
2183	1941	1
2183	334	1
2183	741	1
2183	62	1
2183	572	1
2184	1232	1
2184	2347	1
2184	1686	1
2184	467	1
2184	1228	1
2184	1050	1
2184	842	1
2184	334	1
2184	572	1
2185	2383	1
2185	2092	1
2185	2157	1
2185	842	1
2185	334	1
2185	62	1
2185	2216	1
2186	875	1
2186	1686	1
2186	684	1
2186	1524	1
2186	897	1
2186	712	1
2186	1052	1
2186	842	1
2186	741	1
2186	1217	1
2186	2304	1
2186	1581	1
2186	1880	1
2186	1287	1
2187	875	1
2187	467	1
2187	2005	1
2187	78	1
2187	1524	1
2187	1052	1
2188	875	1
2188	2347	1
2188	1880	1
2189	395	1
2189	954	1
2189	334	1
2189	2304	1
2190	1101	1
2190	1003	1
2190	1694	1
2190	1686	1
2190	1374	1
2190	651	1
2190	1050	1
2190	1830	1
2190	1253	1
2190	653	1
2190	591	1
2190	1941	1
2190	569	1
2190	1488	1
2190	373	1
2190	62	1
2190	736	1
2190	2230	1
2190	1245	1
2190	603	1
2191	2347	1
2191	2005	1
2191	653	1
2191	954	1
2191	842	1
2191	2361	1
2192	1686	1
2192	1050	1
2192	2005	1
2192	653	1
2192	2361	1
2192	17	1
2193	937	1
2193	989	1
2193	2415	1
2193	1633	1
2193	887	1
2193	1232	1
2193	1694	1
2193	729	1
2193	1033	1
2193	467	1
2193	2298	1
2193	1228	1
2193	1374	1
2193	1098	1
2193	297	1
2193	2321	1
2193	581	1
2193	1050	1
2193	1830	1
2193	975	1
2193	1253	1
2193	1955	1
2193	1769	1
2193	190	1
2193	78	1
2193	954	1
2193	1941	1
2193	1088	1
2193	1524	1
2193	1254	1
2193	260	1
2193	1052	1
2193	842	1
2193	714	1
2193	741	1
2193	1382	1
2193	1736	1
2193	1281	1
2193	2375	1
2193	1342	1
2194	937	1
2194	989	1
2194	2186	1
2194	1633	1
2194	255	1
2194	1232	1
2194	2347	1
2194	1686	1
2194	467	1
2194	698	1
2194	684	1
2194	297	1
2194	2321	1
2194	1277	1
2194	1941	1
2194	2146	1
2194	499	1
2194	1524	1
2194	1052	1
2194	741	1
2195	1469	1
2195	1686	1
2195	684	1
2195	1445	1
2195	2304	1
2195	62	1
2195	1290	1
2195	2235	1
2196	1797	1
2196	729	1
2196	1033	1
2196	1686	1
2196	1362	1
2196	684	1
2196	1228	1
2196	2321	1
2196	2383	1
2196	1955	1
2196	794	1
2196	996	1
2196	240	1
2196	842	1
2196	49	1
2196	373	1
2196	126	1
2196	1287	1
2196	2057	1
2196	633	1
2196	30	1
2196	1426	1
2197	749	1
2197	1941	1
2197	842	1
2198	726	1
2198	2206	1
2198	1363	1
2198	983	1
2198	299	1
2198	749	1
2198	58	1
2198	957	1
2198	1652	1
2198	604	1
2198	363	1
2199	545	1
2199	557	1
2199	1941	1
2200	2027	1
2200	1050	1
2200	1934	1
2201	2206	1
2201	1050	1
2201	2075	1
2201	1941	1
2201	842	1
2201	2057	1
2202	1686	1
2202	1050	1
2202	1253	1
2202	749	1
2202	557	1
2202	1941	1
2202	2157	1
2202	1677	1
2203	2027	1
2203	2387	1
2203	383	1
2203	604	1
2203	1677	1
2203	363	1
2204	771	1
2204	915	1
2204	2027	1
2204	2129	1
2204	2096	1
2204	188	1
2204	1547	1
2204	2387	1
2204	1871	1
2204	1951	1
2204	389	1
2204	1844	1
2204	1922	1
2204	2425	1
2204	604	1
2205	1319	1
2205	340	1
2205	2347	1
2205	1304	1
2205	188	1
2205	1257	1
2205	1438	1
2205	1105	1
2205	706	1
2205	435	1
2205	2387	1
2205	2037	1
2205	183	1
2205	1208	1
2205	764	1
2205	2159	1
2205	1934	1
2205	842	1
2205	741	1
2205	713	1
2205	2055	1
2205	383	1
2205	733	1
2205	1354	1
2205	1677	1
2206	1319	1
2206	545	1
2206	1253	1
2206	1193	1
2206	1430	1
2206	653	1
2206	2037	1
2206	1723	1
2206	486	1
2206	842	1
2206	741	1
2206	713	1
2206	383	1
2206	1677	1
2206	1483	1
2206	363	1
2207	2027	1
2207	545	1
2207	1304	1
2208	983	1
2208	1050	1
2208	1677	1
2209	1686	1
2209	983	1
2209	842	1
2209	17	1
2209	1677	1
2210	1891	1
2210	2087	1
2210	839	1
2210	1319	1
2210	797	1
2210	320	1
2210	313	1
2210	1469	1
2210	1694	1
2210	729	1
2210	1033	1
2210	1686	1
2210	544	1
2210	1028	1
2210	1463	1
2210	10	1
2210	1881	1
2210	2111	1
2210	1515	1
2210	257	1
2210	0	1
2210	2162	1
2210	617	1
2210	919	1
2210	2382	1
2210	355	1
2210	562	1
2210	1680	1
2210	2075	1
2210	749	1
2210	399	1
2210	145	1
2210	2136	1
2210	557	1
2210	2282	1
2210	1102	1
2210	2007	1
2210	985	1
2210	18	1
2210	1345	1
2210	460	1
2210	2228	1
2210	789	1
2210	534	1
2210	1311	1
2210	292	1
2210	842	1
2210	2381	1
2210	20	1
2210	2266	1
2210	366	1
2210	62	1
2210	1435	1
2210	736	1
2210	1177	1
2210	1677	1
2210	38	1
2210	363	1
2210	1426	1
2211	783	1
2211	800	1
2211	1101	1
2211	433	1
2211	755	1
2211	884	1
2211	1469	1
2211	1694	1
2211	2347	1
2211	672	1
2211	729	1
2211	1686	1
2211	1374	1
2211	1075	1
2211	700	1
2211	2382	1
2211	562	1
2211	749	1
2211	1933	1
2211	557	1
2211	667	1
2211	2122	1
2211	637	1
2211	1894	1
2211	1491	1
2211	417	1
2211	2128	1
2211	996	1
2211	505	1
2211	1337	1
2211	2133	1
2211	1723	1
2211	325	1
2211	611	1
2211	292	1
2211	905	1
2211	842	1
2211	1117	1
2211	2012	1
2211	383	1
2211	736	1
2211	1127	1
2211	1922	1
2211	1954	1
2211	2229	1
2211	1677	1
2211	2202	1
2211	2255	1
2211	2192	1
2211	363	1
2212	783	1
2212	2264	1
2212	803	1
2212	1469	1
2212	729	1
2212	1033	1
2212	1686	1
2212	1253	1
2212	749	1
2212	557	1
2212	1941	1
2212	1244	1
2212	1723	1
2212	1677	1
2213	2206	1
2213	1363	1
2213	1469	1
2213	1694	1
2213	729	1
2213	1686	1
2213	1463	1
2213	1374	1
2213	1075	1
2213	2321	1
2213	1050	1
2213	867	1
2213	303	1
2213	1046	1
2213	145	1
2213	653	1
2213	1868	1
2213	58	1
2213	1941	1
2213	2157	1
2213	1531	1
2213	1244	1
2213	2037	1
2213	1541	1
2213	240	1
2213	1951	1
2213	842	1
2213	741	1
2213	2012	1
2213	482	1
2213	1915	1
2213	736	1
2213	2057	1
2213	633	1
2213	2077	1
2213	38	1
2214	783	1
2214	865	1
2214	433	1
2214	1965	1
2214	1694	1
2214	2095	1
2214	729	1
2214	1033	1
2214	869	1
2214	1098	1
2214	157	1
2214	164	1
2214	557	1
2214	1594	1
2214	377	1
2214	213	1
2214	1541	1
2214	1977	1
2214	842	1
2214	1455	1
2214	482	1
2214	247	1
2214	1981	1
2214	1242	1
2214	62	1
2214	2043	1
2214	2057	1
2214	1677	1
2214	2077	1
2215	2205	1
2215	1633	1
2215	875	1
2215	1232	1
2215	1686	1
2215	684	1
2215	2321	1
2215	749	1
2215	557	1
2215	1273	1
2215	712	1
2215	442	1
2215	334	1
2215	741	1
2215	1736	1
2215	1783	1
2215	17	1
2215	62	1
2215	1458	1
2215	736	1
2215	172	1
2215	902	1
2216	1204	1
2216	867	1
2216	842	1
2216	1581	1
2216	917	1
2217	875	1
2217	2347	1
2217	1686	1
2217	684	1
2217	952	1
2217	2267	1
2217	1253	1
2217	557	1
2217	307	1
2217	1088	1
2217	842	1
2217	741	1
2217	2266	1
2217	1736	1
2217	2216	1
2217	1287	1
2217	2375	1
2217	1342	1
2218	1421	1
2218	1050	1
2218	741	1
2219	1686	1
2219	1050	1
2219	1253	1
2219	303	1
2219	1769	1
2219	954	1
2220	508	1
2220	1686	1
2220	1204	1
2220	1253	1
2220	1769	1
2220	129	1
2220	954	1
2220	1941	1
2220	842	1
2221	1380	1
2221	2092	1
2222	875	1
2222	1686	1
2222	1374	1
2222	307	1
2222	842	1
2222	49	1
2223	1421	1
2223	1380	1
2223	1050	1
2223	842	1
2223	334	1
2223	2091	1
2224	1686	1
2224	1277	1
2224	842	1
2224	741	1
2225	989	1
2225	1633	1
2225	875	1
2225	675	1
2225	455	1
2225	2321	1
2225	1256	1
2225	1050	1
2225	2383	1
2225	1215	1
2225	2393	1
2225	334	1
2225	741	1
2225	2375	1
2225	30	1
2226	875	1
2226	243	1
2226	1686	1
2226	1458	1
2226	2216	1
2227	2169	1
2227	1686	1
2227	467	1
2227	1103	1
2227	1050	1
2227	1941	1
2227	784	1
2227	683	1
2227	1557	1
2227	842	1
2227	334	1
2227	741	1
2228	875	1
2228	2347	1
2228	1256	1
2228	918	1
2228	2090	1
2228	190	1
2228	334	1
2228	206	1
2228	62	1
2229	333	1
2229	2347	1
2229	1686	1
2229	1204	1
2229	1253	1
2229	303	1
2229	1242	1
2229	62	1
2229	1372	1
2230	2347	1
2230	1204	1
2230	1050	1
2230	2157	1
2230	741	1
2230	62	1
2231	1797	1
2231	1875	1
2231	508	1
2231	1003	1
2231	333	1
2231	1469	1
2231	2347	1
2231	1033	1
2231	1925	1
2231	1663	1
2231	1098	1
2231	644	1
2231	763	1
2231	1277	1
2231	2383	1
2231	749	1
2231	145	1
2231	1149	1
2231	472	1
2231	794	1
2231	1983	1
2231	419	1
2231	606	1
2231	1941	1
2231	2157	1
2231	1088	1
2231	1254	1
2231	2181	1
2231	539	1
2231	113	1
2231	334	1
2231	741	1
2231	1736	1
2231	17	1
2231	373	1
2231	62	1
2231	438	1
2231	572	1
2231	1104	1
2232	2169	1
2232	2347	1
2232	1050	1
2232	2157	1
2232	842	1
2233	1119	1
2233	2347	1
2233	1686	1
2233	1830	1
2233	1253	1
2233	240	1
2233	842	1
2233	334	1
2233	741	1
2233	256	1
2233	62	1
2234	642	1
2234	1469	1
2234	1686	1
2234	597	1
2234	1131	1
2234	1540	1
2235	684	1
2235	1228	1
2235	2383	1
2236	1050	1
2236	307	1
2236	1677	1
2237	1797	1
2237	989	1
2237	1403	1
2237	875	1
2237	675	1
2237	1686	1
2237	1925	1
2237	684	1
2237	2162	1
2237	1830	1
2237	867	1
2237	2383	1
2237	1149	1
2237	1769	1
2237	2248	1
2237	240	1
2237	1088	1
2237	1586	1
2237	1557	1
2237	842	1
2237	49	1
2237	62	1
2237	1551	1
2237	2375	1
2237	1009	1
2237	535	1
2237	1426	1
2238	783	1
2238	2377	1
2238	333	1
2238	2163	1
2238	1781	1
2238	1202	1
2238	303	1
2238	557	1
2238	833	1
2238	567	1
2238	1941	1
2238	842	1
2238	1019	1
2238	1783	1
2238	256	1
2238	62	1
2238	29	1
2238	1458	1
2238	2395	1
2239	1232	1
2239	1713	1
2239	1686	1
2239	467	1
2239	1098	1
2239	1204	1
2239	303	1
2239	653	1
2239	1941	1
2239	240	1
2239	1088	1
2239	741	1
2239	1736	1
2239	1652	1
2240	1469	1
2240	2347	1
2240	1033	1
2240	1584	1
2240	1088	1
2240	842	1
2241	1232	1
2241	1469	1
2241	1686	1
2241	467	1
2241	1098	1
2241	1204	1
2241	1941	1
2241	2343	1
2241	539	1
2241	842	1
2241	1736	1
2241	2057	1
2242	1469	1
2242	1713	1
2242	1033	1
2242	1686	1
2242	467	1
2242	1402	1
2242	842	1
2242	741	1
2243	1713	1
2243	1686	1
2243	1253	1
2243	2092	1
2243	842	1
2244	1713	1
2244	1686	1
2244	983	1
2244	1286	1
2244	1941	1
2244	307	1
2244	1677	1
2245	1469	1
2245	1713	1
2245	1033	1
2245	1686	1
2246	989	1
2246	865	1
2246	1232	1
2246	467	1
2246	684	1
2246	1228	1
2246	1204	1
2246	1941	1
2246	842	1
2246	805	1
2246	1736	1
2246	438	1
2247	1584	1
2248	1686	1
2248	1374	1
2248	1098	1
2248	2231	1
2248	1204	1
2248	1584	1
2248	1941	1
2248	842	1
2248	2119	1
2249	875	1
2249	455	1
2249	2347	1
2249	1686	1
2249	684	1
2249	1644	1
2249	936	1
2249	1088	1
2249	334	1
2249	741	1
2249	62	1
2249	1551	1
2250	783	1
2250	1875	1
2250	508	1
2250	875	1
2250	622	1
2250	281	1
2250	1562	1
2250	2206	1
2250	675	1
2250	1694	1
2250	807	1
2250	729	1
2250	1033	1
2250	1686	1
2250	467	1
2250	684	1
2250	1228	1
2250	2180	1
2250	1374	1
2250	1103	1
2250	1021	1
2250	2231	1
2250	1204	1
2250	874	1
2250	1256	1
2250	1253	1
2250	303	1
2250	653	1
2250	91	1
2250	1769	1
2250	1936	1
2250	567	1
2250	1887	1
2250	682	1
2250	2157	1
2250	480	1
2250	996	1
2250	569	1
2250	1088	1
2250	2181	1
2250	1602	1
2250	969	1
2250	370	1
2250	842	1
2250	1488	1
2250	334	1
2250	1078	1
2250	17	1
2250	1242	1
2250	62	1
2250	572	1
2250	1952	1
2251	937	1
2251	989	1
2251	1403	1
2251	1605	1
2251	1380	1
2251	684	1
2251	597	1
2251	1103	1
2251	1253	1
2251	867	1
2251	2383	1
2251	1769	1
2251	660	1
2251	1015	1
2251	954	1
2251	2157	1
2251	1189	1
2251	1601	1
2251	1131	1
2251	837	1
2251	307	1
2251	1557	1
2251	971	1
2251	741	1
2251	1825	1
2251	151	1
2251	1743	1
2251	917	1
2251	272	1
2251	1009	1
2251	2119	1
2251	1465	1
2251	1884	1
2251	552	1
2252	455	1
2252	1033	1
2252	1686	1
2252	1830	1
2252	334	1
2252	741	1
2252	49	1
2252	62	1
2253	2169	1
2253	784	1
2253	1386	1
2253	917	1
2254	1469	1
2254	1033	1
2254	2231	1
2254	2092	1
2254	1540	1
2254	1557	1
2254	334	1
2254	1071	1
2255	937	1
2255	2347	1
2255	784	1
2255	1386	1
2256	1875	1
2256	875	1
2256	1033	1
2256	1686	1
2256	2383	1
2256	954	1
2256	842	1
2256	741	1
2256	17	1
2256	917	1
2256	2216	1
