227599 0
227594 1
227595 2
227596 3
227597 4
290297 5
227602 6
30554 7
226235 8
30619 9
7900 10
227530 11
226236 12
30551 13
226199 14
30550 15
226283 16
226223 17
226290 18
227534 19
227535 20
207633 21
227238 22
7 23
226200 24
30581 25
226273 26
4 27
227532 28
227533 29
226197 30
30542 31
30538 32
40477 33
68101 34
226232 35
226280 36
226279 37
226274 38
227531 39
226289 40
226288 41
30609 42
226225 43
226230 44
226281 45
226287 46
226307 47
226305 48
226308 49
226198 50
68099 51
67348 52
231991 53
231992 54
241768 55
209005 56
244155 57
244156 58
244157 59
244158 60
244159 61
244160 62
209003 63
244164 64
244165 65
209004 66
193773 67
146776 68
69457 69
191967 70
307535 71
209012 72
209013 73
10211 74
242765 75
107346 76
242763 77
5466 78
125626 79
251763 80
241073 81
46 82
265511 83
258222 84
258221 85
229714 86
146382 87
209009 88
209007 89
252300 90
209010 91
209006 92
239485 93
270116 94
259324 95
17693 96
4429 97
238718 98
206692 99
131578 100
86 101
122554 102
294357 103
294358 104
294360 105
294359 106
294354 107
294355 108
294356 109
253646 110
43988 111
125742 112
270010 113
226978 114
10355 115
127222 116
144078 117
239335 118
290727 119
172 120
178 121
208028 122
269853 123
208070 124
259378 125
259377 126
187179 127
11203 128
11514 129
222 130
269711 131
269709 132
300847 133
300848 134
251063 135
251064 136
211612 137
155768 138
251057 139
17479 140
251053 141
251017 142
12011 143
238927 144
209280 145
238960 146
203750 147
266177 148
269727 149
292851 150
18838 151
274269 152
248954 153
250986 154
250990 155
250984 156
250989 157
122759 158
249019 159
249020 160
249018 161
248991 162
248995 163
192498 164
246595 165
248950 166
273008 167
123092 168
12565 169
272948 170
245167 171
272985 172
272990 173
272984 174
273039 175
238883 176
109658 177
248965 178
247066 179
243055 180
7612 181
247067 182
203551 183
12220 184
43708 185
47427 186
5609 187
47426 188
43735 189
212849 190
42282 191
42281 192
42278 193
42279 194
241483 195
58953 196
58179 197
265513 198
67218 199
251303 200
58190 201
127031 202
253131 203
61191 204
20201 205
20210 206
58169 207
233086 208
233081 209
296031 210
296030 211
303765 212
290578 213
7959 214
296566 215
61342 216
19843 217
56500 218
190764 219
158232 220
336 221
215301 222
370 223
270813 224
145793 225
308128 226
308129 227
159534 228
109344 229
214968 230
54893 231
217166 232
8769 233
203509 234
394 235
211260 236
42810 237
211122 238
4635 239
69153 240
12119 241
189740 242
390 243
221110 244
221105 245
221108 246
207657 247
4498 248
209412 249
69571 250
257250 251
133905 252
7720 253
225748 254
6874 255
417 256
428 257
52785 258
418 259
395 260
250779 261
245358 262
11392 263
307778 264
310763 265
7613 266
302626 267
245471 268
7723 269
205555 270
404 271
20048 272
214372 273
24987 274
127216 275
24983 276
18406 277
24986 278
305286 279
157603 280
405 281
157887 282
69586 283
24985 284
69151 285
30588 286
25000 287
42830 288
256350 289
389 290
6878 291
24956 292
426 293
24989 294
14835 295
15223 296
205529 297
6818 298
24995 299
191103 300
367 301
190830 302
42807 303
444 304
7702 305
234889 306
190826 307
9812 308
309359 309
30429 310
30432 311
4461 312
30433 313
30431 314
251696 315
190833 316
155767 317
308142 318
39830 319
237498 320
34123 321
261483 322
243533 323
243532 324
307194 325
306980 326
306974 327
306975 328
306979 329
306977 330
306976 331
505 332
228558 333
68218 334
306987 335
306989 336
306984 337
306983 338
306982 339
306985 340
205442 341
243534 342
243527 343
306966 344
306965 345
306967 346
307001 347
307002 348
307191 349
235123 350
107864 351
307185 352
307187 353
307186 354
243530 355
16649 356
15934 357
210522 358
25758 359
273584 360
31386 361
34711 362
301303 363
264909 364
517 365
223047 366
301301 367
31402 368
231203 369
259693 370
259692 371
244970 372
254470 373
468 374
244072 375
244071 376
244073 377
71517 378
31360 379
244373 380
212378 381
298157 382
12694 383
228551 384
228549 385
5800 386
157104 387
228559 388
244259 389
257249 390
261578 391
261682 392
68226 393
207806 394
207737 395
581 396
599 397
616 398
107067 399
239372 400
269712 401
308561 402
252331 403
14129 404
5364 405
56323 406
232776 407
157568 408
154558 409
188593 410
234628 411
234659 412
234622 413
234624 414
234617 415
234629 416
144297 417
134837 418
256012 419
224897 420
242522 421
256014 422
242514 423
242517 424
256013 425
256005 426
145094 427
240987 428
229227 429
715 430
63811 431
64765 432
156981 433
157299 434
242684 435
261159 436
30679 437
157618 438
230512 439
25352 440
229090 441
146947 442
195048 443
228859 444
157206 445
3257 446
229226 447
144578 448
243054 449
135204 450
20274 451
135208 452
135209 453
192205 454
229221 455
193241 456
234253 457
155682 458
5595 459
208405 460
234571 461
235707 462
290615 463
762 464
5641 465
771 466
18454 467
303178 468
294669 469
5650 470
187619 471
268545 472
107605 473
157846 474
123305 475
71522 476
253065 477
272046 478
192756 479
204389 480
235688 481
155681 482
33899 483
33900 484
204322 485
71525 486
252848 487
180027 488
71524 489
71516 490
179942 491
43370 492
790 493
155789 494
263118 495
263368 496
263119 497
263125 498
43371 499
43391 500
235134 501
158299 502
158298 503
235696 504
791 505
239369 506
1961 507
7163 508
61269 509
191122 510
190677 511
248324 512
191146 513
257290 514
187876 515
12736 516
23311 517
1958 518
5860 519
4313 520
4333 521
243543 522
207552 523
248589 524
207325 525
21852 526
257748 527
257750 528
257749 529
251442 530
273441 531
250774 532
250794 533
251179 534
247951 535
308006 536
247964 537
251130 538
247965 539
1650 540
209556 541
1657 542
9521 543
267359 544
146631 545
13147 546
1655 547
292858 548
274582 549
209553 550
1662 551
206068 552
209549 553
146443 554
209555 555
207387 556
42091 557
291555 558
56928 559
50762 560
18890 561
203491 562
56918 563
1694 564
49949 565
49950 566
65520 567
1709 568
65359 569
65456 570
19728 571
49311 572
65452 573
187196 574
204760 575
52100 576
192475 577
264838 578
255478 579
55329 580
292152 581
251204 582
230365 583
146750 584
253228 585
23559 586
32566 587
32541 588
1777 589
32300 590
5657 591
243016 592
243018 593
98708 594
15020 595
15114 596
67296 597
1772 598
236757 599
13935 600
13173 601
98714 602
13098 603
17195 604
14975 605
1769 606
13086 607
31658 608
36315 609
34225 610
30324 611
20119 612
20118 613
20117 614
1804 615
13773 616
25779 617
72924 618
31014 619
16022 620
212280 621
30950 622
1922 623
759 624
17129 625
9707 626
258276 627
62953 628
65867 629
67914 630
67706 631
67707 632
65900 633
67704 634
11173 635
66161 636
56415 637
25644 638
67910 639
196101 640
310228 641
310221 642
310222 643
310223 644
310212 645
310213 646
310224 647
310225 648
310214 649
310219 650
310220 651
310210 652
310211 653
310215 654
122062 655
240921 656
10787 657
25310 658
10221 659
54896 660
310207 661
310209 662
250058 663
2020 664
203267 665
250062 666
250061 667
250060 668
298035 669
4430 670
108832 671
28984 672
25826 673
235076 674
29995 675
187685 676
30513 677
187908 678
195949 679
189979 680
274612 681
56960 682
54871 683
54885 684
189553 685
262533 686
262532 687
203601 688
54356 689
56135 690
158483 691
189556 692
108504 693
133118 694
53207 695
7792 696
56123 697
61609 698
272570 699
2178 700
166572 701
53666 702
23280 703
37307 704
53662 705
2200 706
307537 707
159577 708
159512 709
218548 710
304026 711
185520 712
192825 713
20534 714
18519 715
18410 716
23689 717
302717 718
205057 719
302807 720
306122 721
194324 722
21427 723
4390 724
271189 725
2268 726
57366 727
133897 728
133896 729
31039 730
60627 731
58426 732
208205 733
226438 734
2260 735
73116 736
134738 737
14132 738
60626 739
57020 740
146326 741
234079 742
193798 743
251823 744
2254 745
193468 746
58023 747
2259 748
57065 749
27796 750
206547 751
2269 752
2271 753
156050 754
203904 755
250292 756
234919 757
135390 758
27804 759
58077 760
127435 761
57814 762
56777 763
27797 764
2262 765
228028 766
249416 767
249415 768
308496 769
308512 770
308510 771
308522 772
14116 773
260717 774
10534 775
23157 776
10087 777
260742 778
260738 779
21304 780
16713 781
272182 782
205752 783
21786 784
248772 785
145632 786
25815 787
31941 788
247333 789
187097 790
26427 791
2405 792
21089 793
238432 794
26410 795
126922 796
235540 797
238533 798
26428 799
238561 800
107226 801
238534 802
238537 803
187843 804
26040 805
243775 806
211220 807
243621 808
221168 809
221169 810
243476 811
193876 812
44535 813
260491 814
260476 815
233967 816
247294 817
306921 818
306922 819
306920 820
255827 821
237075 822
237074 823
306917 824
2430 825
28834 826
306915 827
237061 828
2414 829
306916 830
236855 831
237065 832
126676 833
126677 834
237067 835
237062 836
237063 837
237135 838
257988 839
257997 840
208428 841
236858 842
126685 843
122520 844
236983 845
305680 846
305681 847
237072 848
257998 849
257999 850
126679 851
236986 852
306912 853
249312 854
306910 855
236985 856
249348 857
126686 858
236991 859
236993 860
258000 861
127460 862
236863 863
69095 864
236865 865
237079 866
237082 867
306913 868
306914 869
237081 870
237080 871
237077 872
236902 873
11788 874
107138 875
237084 876
294603 877
237083 878
19876 879
236998 880
237087 881
236999 882
193347 883
2415 884
237088 885
20115 886
5685 887
236992 888
229686 889
237000 890
236982 891
236988 892
107865 893
236996 894
236997 895
236397 896
237121 897
236593 898
56495 899
7687 900
234372 901
208429 902
126781 903
20765 904
122524 905
15240 906
241151 907
241150 908
241149 909
26408 910
274669 911
274672 912
47223 913
135480 914
135478 915
291120 916
193220 917
144233 918
32622 919
224559 920
9973 921
46089 922
2491 923
209724 924
2522 925
54894 926
13109 927
11286 928
271180 929
32654 930
9659 931
32354 932
32355 933
2489 934
230858 935
145956 936
13891 937
300867 938
300776 939
32937 940
30218 941
13726 942
30217 943
219491 944
2465 945
250037 946
12277 947
107321 948
5423 949
7682 950
232083 951
4577 952
131498 953
156984 954
156935 955
29860 956
156961 957
2529 958
2533 959
4515 960
112167 961
215582 962
274554 963
187973 964
270639 965
155752 966
60388 967
134907 968
187974 969
156329 970
268262 971
43365 972
272787 973
272786 974
8474 975
46740 976
246610 977
233961 978
46293 979
239205 980
48517 981
61394 982
261936 983
307468 984
209262 985
266623 986
64492 987
56172 988
54909 989
266624 990
13563 991
217372 992
193299 993
251085 994
126193 995
4646 996
25879 997
247468 998
212608 999
251386 1000
251387 1001
251388 1002
126116 1003
267813 1004
251613 1005
274075 1006
2682 1007
226250 1008
250643 1009
2672 1010
23085 1011
194747 1012
18631 1013
123601 1014
18642 1015
30970 1016
134174 1017
204991 1018
2696 1019
20430 1020
21444 1021
2702 1022
39660 1023
21746 1024
22292 1025
194739 1026
7818 1027
56558 1028
193751 1029
20432 1030
291614 1031
2705 1032
298403 1033
24970 1034
13151 1035
298402 1036
16172 1037
208314 1038
5547 1039
17826 1040
146316 1041
107866 1042
195820 1043
205294 1044
216419 1045
15929 1046
19361 1047
2808 1048
4645 1049
31383 1050
17900 1051
2798 1052
23264 1053
125629 1054
2781 1055
231258 1056
204951 1057
49467 1058
179971 1059
18604 1060
4658 1061
4657 1062
43374 1063
43373 1064
4659 1065
22674 1066
22675 1067
192584 1068
67742 1069
248292 1070
57927 1071
210669 1072
2824 1073
221139 1074
243295 1075
58310 1076
30436 1077
144296 1078
193096 1079
123619 1080
301282 1081
125392 1082
106632 1083
39054 1084
53797 1085
57102 1086
54200 1087
49536 1088
54254 1089
3065 1090
3071 1091
3068 1092
3067 1093
133369 1094
11063 1095
57018 1096
295922 1097
57362 1098
305674 1099
56391 1100
56392 1101
56393 1102
305675 1103
57015 1104
305671 1105
273152 1106
195422 1107
56756 1108
56773 1109
42591 1110
56757 1111
56396 1112
234323 1113
234320 1114
56395 1115
3084 1116
54263 1117
56758 1118
53692 1119
305565 1120
53693 1121
56850 1122
56232 1123
142177 1124
68193 1125
68189 1126
65411 1127
68192 1128
65410 1129
246068 1130
298414 1131
10216 1132
307448 1133
72812 1134
22274 1135
239206 1136
68179 1137
265621 1138
47632 1139
208350 1140
123302 1141
241731 1142
13543 1143
307467 1144
208891 1145
208914 1146
68275 1147
65415 1148
253682 1149
11549 1150
205321 1151
205322 1152
46501 1153
205323 1154
4514 1155
7116 1156
44018 1157
209025 1158
209024 1159
10631 1160
295167 1161
11087 1162
11086 1163
10004 1164
21359 1165
27556 1166
27555 1167
255657 1168
14741 1169
9480 1170
11464 1171
9497 1172
10632 1173
3203 1174
223269 1175
13620 1176
13208 1177
220837 1178
13638 1179
27554 1180
220841 1181
220843 1182
220842 1183
220840 1184
220838 1185
10655 1186
11089 1187
22190 1188
188868 1189
188870 1190
122696 1191
188872 1192
29209 1193
41161 1194
62033 1195
3241 1196
294080 1197
5548 1198
8300 1199
21782 1200
253100 1201
107867 1202
3269 1203
10215 1204
32220 1205
203588 1206
274045 1207
127458 1208
865 1209
863 1210
1186 1211
965 1212
5042 1213
206533 1214
4572 1215
52786 1216
301853 1217
5224 1218
147038 1219
123421 1220
6774 1221
19401 1222
66356 1223
66300 1224
66302 1225
66299 1226
66357 1227
66303 1228
31387 1229
31939 1230
251892 1231
51066 1232
51067 1233
52025 1234
21084 1235
3355 1236
52209 1237
39695 1238
36389 1239
39689 1240
36374 1241
43533 1242
41142 1243
51563 1244
51340 1245
30506 1246
50618 1247
51424 1248
52657 1249
55668 1250
41242 1251
41249 1252
212410 1253
3410 1254
27589 1255
13843 1256
15171 1257
16593 1258
192176 1259
25628 1260
15982 1261
12086 1262
7795 1263
13777 1264
212501 1265
3421 1266
212397 1267
23372 1268
26368 1269
3460 1270
78911 1271
25952 1272
26508 1273
122333 1274
11132 1275
87062 1276
87364 1277
122355 1278
8455 1279
8633 1280
3555 1281
3525 1282
6881 1283
25897 1284
3531 1285
3536 1286
211717 1287
9915 1288
217271 1289
89129 1290
210008 1291
91432 1292
3557 1293
216947 1294
91560 1295
91387 1296
55920 1297
30939 1298
209409 1299
91218 1300
91325 1301
91159 1302
22426 1303
91510 1304
91627 1305
91270 1306
91626 1307
91168 1308
171343 1309
216978 1310
146891 1311
221386 1312
21155 1313
221385 1314
4459 1315
187791 1316
156165 1317
91292 1318
156167 1319
156198 1320
189471 1321
91172 1322
11800 1323
3561 1324
220234 1325
55904 1326
28465 1327
91199 1328
91203 1329
26078 1330
73296 1331
15973 1332
8275 1333
134312 1334
133770 1335
6119 1336
113049 1337
6121 1338
6120 1339
6118 1340
69275 1341
158694 1342
113750 1343
113782 1344
69280 1345
3632 1346
6233 1347
5906 1348
8684 1349
8951 1350
69329 1351
69331 1352
69332 1353
69336 1354
11926 1355
69339 1356
69341 1357
23533 1358
3650 1359
3667 1360
72526 1361
72523 1362
213273 1363
6816 1364
23341 1365
23081 1366
4576 1367
29587 1368
253331 1369
6782 1370
23093 1371
253775 1372
3702 1373
209580 1374
3707 1375
23091 1376
10555 1377
215950 1378
23306 1379
21607 1380
3708 1381
6749 1382
14131 1383
71420 1384
71830 1385
72040 1386
193633 1387
193634 1388
143457 1389
25241 1390
137522 1391
143735 1392
143734 1393
27458 1394
3745 1395
6197 1396
6192 1397
3786 1398
7280 1399
6036 1400
6201 1401
6198 1402
6199 1403
6200 1404
3802 1405
6164 1406
63681 1407
6692 1408
3777 1409
303656 1410
7366 1411
46218 1412
7386 1413
6079 1414
6035 1415
3773 1416
6224 1417
267608 1418
6529 1419
6376 1420
242433 1421
3776 1422
53279 1423
5926 1424
211817 1425
3788 1426
3787 1427
3779 1428
211558 1429
6374 1430
6375 1431
6227 1432
5939 1433
3798 1434
3780 1435
7360 1436
5940 1437
296215 1438
5941 1439
6283 1440
6287 1441
192658 1442
6279 1443
6335 1444
6509 1445
6520 1446
3784 1447
6101 1448
5927 1449
3806 1450
266216 1451
3775 1452
6286 1453
6170 1454
193451 1455
3791 1456
6076 1457
3782 1458
6526 1459
6166 1460
153505 1461
6590 1462
5946 1463
33586 1464
209996 1465
5968 1466
5971 1467
208485 1468
208486 1469
3829 1470
217734 1471
15271 1472
3824 1473
22559 1474
23051 1475
16926 1476
193977 1477
62674 1478
219578 1479
31983 1480
63992 1481
307849 1482
36758 1483
61855 1484
63525 1485
64094 1486
4206 1487
5475 1488
40446 1489
9037 1490
9043 1491
9038 1492
9074 1493
16057 1494
134649 1495
16181 1496
235256 1497
212679 1498
6146 1499
6814 1500
31327 1501
3281 1502
8726 1503
6813 1504
8920 1505
6343 1506
212591 1507
212590 1508
3942 1509
134777 1510
77251 1511
8928 1512
8937 1513
212671 1514
3941 1515
8938 1516
212592 1517
8921 1518
6815 1519
9228 1520
15855 1521
213027 1522
15864 1523
9013 1524
6135 1525
3940 1526
251416 1527
16053 1528
16051 1529
134661 1530
3968 1531
21775 1532
49515 1533
49444 1534
3988 1535
48667 1536
13724 1537
205244 1538
99817 1539
99822 1540
10941 1541
99825 1542
99829 1543
19740 1544
240407 1545
268582 1546
12080 1547
5511 1548
100416 1549
100425 1550
107825 1551
100465 1552
100466 1553
3280 1554
100470 1555
100497 1556
100515 1557
227034 1558
100553 1559
100608 1560
100633 1561
100635 1562
100636 1563
100637 1564
100638 1565
100639 1566
100640 1567
100641 1568
100642 1569
100643 1570
100537 1571
100705 1572
7680 1573
25959 1574
100703 1575
127336 1576
100733 1577
100735 1578
100702 1579
100709 1580
100714 1581
100722 1582
100734 1583
100737 1584
100738 1585
100741 1586
100742 1587
100743 1588
100744 1589
100751 1590
100752 1591
100756 1592
100758 1593
100763 1594
100765 1595
100766 1596
100773 1597
100779 1598
100793 1599
100794 1600
100795 1601
100797 1602
100713 1603
101140 1604
101146 1605
101149 1606
101151 1607
101160 1608
101167 1609
101176 1610
101177 1611
101578 1612
101756 1613
49771 1614
5494 1615
43515 1616
3653 1617
16924 1618
121161 1619
19860 1620
121194 1621
121196 1622
121183 1623
121184 1624
121185 1625
4107 1626
44828 1627
44829 1628
44833 1629
44835 1630
44838 1631
44839 1632
31963 1633
69401 1634
44844 1635
4109 1636
18446 1637
25198 1638
18075 1639
4110 1640
44857 1641
121232 1642
121238 1643
121241 1644
121247 1645
11785 1646
16072 1647
44850 1648
4121 1649
4122 1650
121263 1651
121284 1652
121293 1653
121301 1654
121314 1655
121346 1656
121359 1657
121364 1658
121367 1659
19847 1660
121423 1661
121426 1662
44854 1663
122066 1664
121412 1665
121424 1666
121427 1667
121453 1668
121456 1669
44845 1670
121223 1671
121392 1672
121406 1673
121699 1674
44968 1675
121779 1676
44976 1677
4117 1678
45087 1679
45284 1680
121917 1681
121967 1682
15810 1683
45085 1684
121919 1685
121932 1686
4105 1687
45083 1688
45066 1689
30145 1690
6950 1691
8771 1692
20062 1693
10500 1694
10501 1695
10697 1696
45064 1697
4106 1698
13853 1699
9911 1700
4118 1701
18239 1702
45082 1703
4114 1704
122011 1705
122028 1706
121984 1707
122004 1708
121937 1709
122044 1710
127627 1711
127622 1712
127635 1713
127748 1714
127776 1715
128658 1716
128739 1717
129566 1718
129607 1719
129618 1720
129636 1721
129623 1722
129624 1723
129644 1724
129651 1725
129621 1726
129710 1727
129653 1728
129657 1729
129673 1730
129676 1731
129711 1732
129713 1733
37759 1734
21766 1735
38324 1736
27788 1737
38330 1738
4171 1739
38335 1740
38336 1741
38382 1742
16596 1743
109050 1744
9740 1745
4200 1746
105505 1747
8998 1748
103029 1749
26384 1750
7981 1751
103512 1752
19819 1753
108776 1754
108802 1755
104300 1756
104427 1757
4208 1758
4220 1759
307512 1760
12662 1761
273315 1762
26807 1763
125624 1764
212379 1765
7497 1766
144488 1767
171761 1768
173157 1769
7303 1770
214654 1771
258373 1772
69170 1773
105910 1774
229228 1775
204460 1776
258676 1777
294901 1778
247689 1779
294903 1780
294902 1781
208745 1782
258628 1783
246163 1784
246113 1785
204224 1786
246165 1787
67345 1788
4353 1789
4351 1790
246123 1791
56743 1792
31358 1793
258668 1794
248159 1795
248160 1796
263180 1797
262959 1798
20835 1799
